FoamFile
{
    version     2.0;
    format      ascii;
    location    "constant/polyMesh";
    class       labelList;
    object      neighbour;
}

// * * * * * * * * * * * * * * * * * * * * * * * * * * * * * * * * * * * * * //

5142
(
 848 2496 2526  877  883 1679 1683  881 1683 2324
   9 1151 2325   13  878 2590  878 2591   10 2341
2340   12  396 2628 1838 2629 1451 2523 1678 1679
2328  198 1597   24 2328 1078 2028 2628 1242 2029
3374  556 1243 2569 1607 3456 3457   25 2528 2529
  28 1936 2705  337  933  750 2329 1607  833 3072
3219  216 3064 1937 2704   33 1147 2327  883 1684
2326  625  776 2128  419 1901 3145   34 2347 2346
  36  394 2630 1832 2631  205  748 2323 1072 2026
2630   40   46 2588 1680  751 1835 2632  622  933
3066 1074 1837 3085  562 1241 2563  852 1567 2525
1449 2525   61 2032 3085   52 1992 2715 1324 2050
2207  685 2682 2683  948 1239 1846 1993 2714 1195
1967 2993   60 2030 3079  430 1407 2130 1326 2052
2205  440 2793  950 1347 2014 1285 2877 3230 1076
2053 1074 2051  417 1185 2449 2031 2053 3371  775
2399 2992  409 2914 2915 2033 2051 3377  724 2119
2518   71 1035 1984 1863 2622 2914 2308 2309 3298
2745 3162 2688 2864 2865 1051 1657 2272 1859 2595
  81 3163 2616 2910 2911 1676 2864 2911 2212 2819
3318  891 2614 3011  598 1640 2261 2201 3141  802
1181 2264  860 1222 2047 1742 2264 3238 2582 2800
2801  596  790 2542 1510 2583  949 1511 2583 1420
2260 2729 1861 2597 2614 2916 2917  617 2723 2898
1902 2917 3287 2142 2820 2821  594  792 2548 1508
2579 1740 2266 3240  494 3158 3159 1183 2266 3142
1048 1506 2511  223 1588 3034  467 1506 2581  496
3160 3161  307 2197 3159  313 2199 3161 2062 2244
3052 2578 2796 2797 1003 2746 2747 2045 2372 2373
2396 2904 2905 1092 2816 3117  659 2789  312  872
2619 3008 3212 3213 1005 2740 2741 2882 2883 2475
2560 3202 1193 2883 3233  265 1628 2534 2128 2423
3232  415 2912 2913 1865 2641 2912  600 1642 2263
1186 2262 3145 1523 2072 3280  292 2111 2149 2296
2297 2884  225  865 1580  469 1504 2577  132 2203
3133  661 2787 3165  985 2155 3090  666 2671 3210
 138 2743 3164 2878 2879 1191 2417 2879 1201 1986
 781 3476 3477 1280 2089 2417  621  991 2089 1283
2881 3234  442 2791  214 3062  426 1441 2132  147
1603 2526 2527  773 1197 1975  618  931 3068 1602
1603 2761  339  931 1425 3068 3253  200 1593  951
1509 2579  482  859 3337 1112 3236 3237  345 1454
2576 2577 2802 1872 2408 3014  701 2216 2357 2573
2703 3032 1423 3066 3257  433 3059 3391 2794 3088
3089 2575 2700 3282  341 2850 3266  347 1452 2580
2581 2798 1560 3418 3419 1240 2027 3372 1338 1938
3088  194 2956 3152 1381 1910 2708 1431 2552 2750
1632 2981 3243 1009 1970 2353 1976 2333 3368 1122
2277 3318 1997 2637 3141  670 1980 2831 1040 1746
1917 2315 3354 3355 1038 1999 3133  668 1978 2833
 374 2895 3023  405 2086 2706  801 1144 1753 1728
2849 3431  819 1982 2411 1026 2722 3201  354 1735
2545 1730 2847 3429  380  678 2735 1973 2368  786
1733 2547  995 2354 3344  917 1690 2652  855 3455
 235  411 2931  853 1592 2603 3228 3229 1540 2838
2839  850  880 2528 1852 2605 2782 2322  288 1228
3296  795  942 2413  694 1419 2686 1253 3444 3467
1046 1047 3148  915 1208 2452 1167 1692 2942  623
1966 3230 1499 3063 1475 2180 2603 1501 3065 1871
2298 2592 1440 2512 3030  619 1974 3234 1104 2389
2610 1737 2388 3332  905 1291 1817 1589 2799  912
 913 2019 1581 2803 1102 2387 2613 1739 2386 3330
1537 2707 3012  581 1705 3352  583 2311 2809  806
1862 1442 1946 2383  808 1864  258 2565 3370 1267
1710  256 2567 3376  924 1534 3314 1140 2909 3009
1118 2140 3086  844 1551 2561  856 2039 2067  301
1722 2725  798 2218 2219 1361 1670 3300 2335 3320
3388  986 2555 3048 2095 2490 3214 2058 2954 2955
1403 2457 2955 1080 2455 2664 1488 2835 3472  395
2056 2294 1294 2562 2598 1312 2184 3365 1296 2568
2600  560 2596 2092 2638 2639  558 2594 1219 2034
2806  498 2249 2790 1120 2037 2462  495  543 3221
1192 1968 3424  497 2618 3223 1378 2812 1377 2251
2792  628 1529 2213 1386 2187 2986  959 2318 2977
 982 2374 2439 2059 2667 2735 1892 3046 3307  548
3348 3349  597 1638 2265  435  822 2135  595 1644
2267  703 1277 2778 1185 2448 2729  598 1641 2545
 601 1732 2241  600 1643 2547  699 3308 3440 1133
2049 2979 1674 1815 3075  306 2062 2656  587 1622
2182  704 1792 3380 3297 3414  816 2076 2944 1014
2246 3462 1559 2355 3016 1777 2887 1479 2292 3338
1254 1674 2642 1235 2072 3199 1649 3408 3409 1635
2353 3380  585 3047 3103  840 1675 3321  730 2109
2795 1723 2975  846 2676 2677  612 2350 3322 1178
1922 2305  741 1831 2094 2063 2657 2196 3158  866
3138 3139  319 1435 2379  868 3129 3141 1658 2272
3247  668 1979 2198 3160 1081 2455 2665  839 2191
3187  731 1786 1942 2272 3126 3127 2317 3356 3357
 985 1434 2469 3438 3439 1650 1778 2926 1436 2457
2730 2710 2754 3396  769 3468 3469  386 1706 1887
1975 2512 2513 1250 1527 2096 2080 3180 3181  897
1881 3279 1430 3206 3207 1224 1666 2503 1356 2461
2998  424 2520 2870  335 2225 3254 2286 3255  975
1554 1804 1496 2420  424 2492 2727 1494 2418 1333
1908 2458 2157 2505 1569 2523 2866 1067 2204 2919
2011 2521 2871  877 2584  649 1427 2766 1683 2586
 390 2320 2331  883 1685 2322  758 1904 2826 2014
2217 2703  553 1891 3041  703  947 2477  788 3113
1382 2220 2554  529 1119 1919 1851 2091 2785  922
3060 3061  826 2360 2972  965 2093 2170 1333 2380
2683  634 1503 2243  582 2454 2455  762 2717 3150
1796 2559 2927 2247 3442 3463  508 2570 2750 1256
1831 2635 1822 2140 2772  503 1477 2069 1694 2468
3438 1404 1521 2104  444 2102 3188 1775 2189 2681
2952 2953 1211 2408 2409 1047 2151 2762 1827 2376
3343 2098 2383 2956 1579 2532  673 2375 2903 1443
1840 1893  717 3293 3450 1530 2550 2922 2159 3036
3037 1419 1886 1532 2446 3207 1058 1414 2537 2412
2413 3156 1465 2330 1836 2342 2343 1805 2918 2919
1834 2344 2345 1072 3082 2057 2295 1078 3080 1556
2184 2921  886 1982 2678 1983 2270 2604 1955 2161
3170 1411 1955 2170  584 2470 2471 1343 3052 3053
 779 2384 2385  530 3461 2947 2969 3102 2558 2559
3280 1099 1993 2622 1294 3403 2564 2616 2617 1756
2930 2566 2614 2615 2782 2928 3347 1085 2662 2663
1296 3407 2259 2424 3394 1184 2235 1350 1866 2663
1186 2237  805 1861 1207 2574 3431  803 1859 1205
2572 3429 2726 2460 3019 3453 2935 3092 1310 2433
2758 1556 1878 3348 1605 2766 3254 2937 3094 1306
1554 2867 2536 2896 2897 2651 3390  491 2366 2367
1542 2137 2985 3232 3233 2882 2883 2985  991 2402
2668 1280 2879 3261  662 2792 1407 1888 2902  654
2790 1441 2006 2690 1273 2405  593 2693 3188 1576
2478 2997  986 2890 2891  960 3176 3177 1621 2097
2958  962 3174 3303 1158 3006 3167  579 3328 3329
 693 2872 2873  765 1116 3361 1289 3024 3439 1168
1782 1881 2494 2495 2966 1007 2379 3076 1875 3294
3295  767 2009 2556  533 1751 2685 1738 2542 3384
2612 2613 2797 3283 3382 3383 2610 2611 2801  568
1760 3447 1507 2580 2654 2655 3036 1505 2576 1162
2178 2962 1113 2358 3386 1160 2176 2964 2173 2365
2908 1053 1339 3352 1725 2194 3041 1128 1584 3132
2144 2145 3106 1586 3140 2146 2147 3104  906 1093
2886  763 2158 3036 1564 2123 3034 3035 3136 1630
2159 3135 1631 3134 3135 1400 1401 3324  653 1721
2434 1325 2269 3055 1321 2112 2270 1327 2519 3268
1372 1714 1377 1700 2494 1035 2200 3162 1002 1988
1809 2245 1004 1990 1811 1995 1461 2748 1039 2202
3164  515 2406 2776 1090 1518 3087  570 1797 2530
1895 3216  698  920 3204 1248 1532 3236 2360 2487
3297 1432 2276 3006  695 1457 1468 2100 3178 1050
2844 3127  898 1659 3302  863 2843 3091 1061 1958
3304  738 2291 2514 1041 2407 1360 2466 3301  578
1915 3422  737 1547 2009  941 2209 2508 2485 2658
2659 1922 2466 2467  702 1276 2948 1660 3120 3197
 700 3050 3051 1662 3122 3195 2000 2400 2712 1159
1976 2533 1045 2850 3109 1040 2465 2120 3043 1773
1911 2426  979 2180 3098 1022 1750 2338 3346 3347
1367 2211 2857 1209 1255 2239 1202 2642 3119  719
2671 3114  736  737 1874  823 1941 2457 1355 1433
2362 1086 2657 2784 1135 1791 2312 2313 2483 1199
1774 3475 2439 2942 3276 1305 1877 2672  648 2257
1408 1965 3451 1636 3468 3469 1750 2492 2870 1122
2818 3007 2109 2194 1121 2561 3179 1232 2192 2827
3374 3375 2278 3364 3365 1515 1931 2030 3371 1517
1929 2032 3377 3372 3373 1176 2160 2989 1361 1948
2664 1671 1922 2070 1256 1257 1830  740 1560 3215
2851 3108  904 2114 3312 1531 2550  573 2507 2814
 756 2895 3326 1956 1957  832 1303 2391  989 1522
2925 3028 3029 3478 1081 2454 2875  682 3423  918
3172 1352 1480 2361  731 1071 1950 1951 1083 2976
1236 2646 3046 3102  687 2039 3449  794 3433  791
1369 2846 1748 2300 2301  793 1371 2848 1164 2338
2410 1749 2710 2733 3070 3189 1645 1736 2266 1639
1738 2264 1420 1734 2443 2240 2717  785 2275 2289
1245 1928 2268  645  745 2673 1214 1247 1930 2294
2988 2989  784 1465 2288  902 2319 2976  964  965
2005 1694 1695 1907 1634 3380 3417 1551 2351 1718
2940 3357 2090 3226 3227  885 2648 2649 2306 2307
2900 1384 2310 2228 2283 1283 2419 1498 1499 2416
1345 2998 2226 2285 1285 2421 1500 1501 2422 2129
2863 2016 2990 2991  765 2302 2355 2718 2854 1166
2332 3279 2037 2314 3354 2037 2958 2959  639 2828
3325 1745 3317 3342 1088 3029  815 2210 3458  914
3118 3119 1237 2084 2643 1893 2946 2947 2434 2829
 656 1293 1572  861 1591 2013  762 2240 2924 1894
2099 3281  932 3095 3256 2214 3413  930 3093 3252
2164 2726 2727 1879 2593  970 2767  817 1925 1970
1170 2219 2536 1771 1879 2592 2435 3437 2249 1512
3076 3477 1701 3246  707 1967 2538 2747 2905 3220
2788 2882 2535 2741 3222 2786 2878 2251 1293 2966
2967 1964 3212 3293 1374 2176 2397 2042 3211 1629
2534 2535 2832 1163 1328 1995 1981 2830 1161 1330
2245 1304 2034 3412 2374 3056 2425 2443 3003  834
1544 3245 1434 2463 3363 1789 2155 2379  733 2734
 896 2367 3276  924 2309 3045 1882 1883 2171 1824
2696 1823 2772 2773 2160 3182 3183 1954 2380 1224
2208 2502 1096 3157 1819 3049 3313 1290 3002 3394
1249 2163 2763 2447 3207 3264 1288 2312 2624 2313
2335 1886 2687 2571 3289 2293 2392 3154 1777 2148
2150 3205 3339 3184 3309 2015 2216 2217 2301 2127
2949 2476 2907 3016  994 1558 2427 1880 3279 3420
2539 2902 1170 1719 2896 1800 1801 2941 2704 3072
3073  952 1175 2828 2116 2760 2761  979 2011 2040
 840 1674 3393 1316 2407 2823 1217 2436 3335 3008
3292 1963 2043 3099 2042 3115 2563 2598 2599 1323
1934 3373 2569 2600 2601 1313 1932 3375 3274 3275
1299 2565 2594 1928 3010 3298 1301 2567 2596 1633
1702 3310 1263 3228 3311 2892 3005 1943 2667 2757
3250 1354 2058  735 1620 3355 2489 3362  969 2620
1875 2464 2465 1438 2290 2821 1364 2738 2095 2221
 783 1016 1796 1522 2923 3168 1373 1677 2807 2215
3412 1203 1237 2471 2765 2909 2946 1149 2343 1820
2444 3193 1153 2345 1568 2169 1570 2166 2341 2340
3080 1148 2106 2347 2346 3082 3350 3351 1269 1654
2824 2404 2827 1271 1748 2357 1652 2505 3266 2491
3214 3215 2925  796 1843 1444 1694 1906 1793 1469
1706 2556 2008 2096  978 2626 2685 1348 1349 1312
2054 2185 1401 1721 1912 2007 2690 2691 3020 3021
1889 2902 2903 2398 2993 1968 2473  971 1399 2863
1110 2086 2385 1265 1649 1513 2480 3124 1460 3020
1956 2162 2762 1797 2550 1552 3192 1882 2274  797
1562 2546 2547 2885 1927 3112 1927 2544 2545 1638
2543 1731 3032 1644 2549 1736 3282 2680 3432 2104
2105 2021 2655 1732 1921 1059 1924 1794 2752 2753
2190 2242 3026 1752 2661 2231 3238 2230 3400 1902
2233 3143 2232 3404 2235 3402 1139 2448 3245 2237
3406 1187 1351 1900 1960 2209 3288 1468 2509 3285
1276 1696 2779 1070 3089 3248 2074 2874 2875 3088
3459 2077 2945 1971 2120 2112 2113 3314 2271 3110
 990 1963 3470 1157 2010 2520 1031 2666 1801 2730
1799 3166 3167  922 2400 2486 2001 2487 1924 3058
3414 2501 2928 3430 1182 1741 3241 2499 2930 3428
1180 2450 2498 1230 2348 2858 3073 2306 3244 1545
2079 2307 1013 1651 2721 1210 2860 3474 1648 1705
2484 1213 2659  957 1261 2648 3075 2276 2724 2725
2025 2818 2893 1767 2100 2023 2351 2561 1904 3359
2692 2693 2736 2527 2585 1566 2116 2164 2529 2587
1308 1571 2868 2432 2433 2524 2428 2866 2867 2522
1456 3350 2038 2066 3433 1044 2122 3336 3434 3435
1105 2371 2012 3105  909 1103 2372 3107 3270 1842
1843 3117 3134 3135 3132 3133 1583 1998 2804 3128
3140 1034 1657 3146 2830 2831 3035 1033 2196 3137
1945 2832 1037 2198 3131 1334 2694 2695 2483 3024
3025 1566 2432 2497 2589 1152 2169 2329 1453 2431
2325 1149 1821 3464 1490 2364 2645 2822 2823 2271
2679 1488 2126 2410 1267 2732 2807 1514 2617 2689
 924 1852 2308 2615 3010 2136 2754 3410 1266 1393
3411 2124 2125 2290 2123 3337 3399 2366 3277 2332
2719 1528 3319 2024 3175 3303 2474 3272 3273 2022
2023 3305 1699 2809 1818 2310 2311 1577 2156 2442
3395 2816 2817 2110 2111 2887 1220 1726 3123 1688
3195 1724 3097 3121 1686 2371 3197 3198 3199 1235
2018 2065 3191 2239 3190 2507 3265 3443 2571 2750
1923 2982 1360 1670 2467 1113 2840 1952 1953 2841
2401 1432 2712 2972 1279 3044 3054 2280 2349 3208
1920 2019 2390 1234 1779 3466 1025 1476 2099 2229
3253 3069 2227 3257 3067 2516 3062 3063 1828 3063
3452 2225 3064 3065 1500 1969 2286 1088 2835 2857
 959 2678 2781  966 1953 3440 2509 2557 1097 2183
1766 1767 3323 1743 2498 3428 1762 2217 2573 1741
2500 3430 1764 2575 2046 2047 3382 3383 1368 2045
3384 3385 2369 2382 2368 2376 3342 2079 2381 2900
1463 1909 2682 1318 2482 2873 3225 3320 2074 2780
2781 2679 1726 2192 1346 2836 2837 1724 2194 1847
3041 3249 1463 2170 2003 1785 2841 1758 2621 3185
1632 1637 2980 2621 3242 2593 3349 2938 2939 1394
2493 2934 1424 2165 2768 1396 2375 2673 1422 2770
1362 1479 2048 1944 2978 3116 1769 2627 2041 2299
3334 3335 1115 2435 2437 2215 2375 1889 3057 3366
1429 1512 3077 3272 1951 2220 2221 2996 1712 2082
3151 2018 2924 1474 3471 2669 2897 2952 2953 1042
2316 2677 3416 3417 2906 2907 1413 3061 3296 1800
2650 2730 1025 2065 3047 1069 2098 2968 2744 2745
1656 1700 3147 1989 2747 1626 2252 1991 2741 2254
2255 2742 2743 1200 2749 2706 2707 3012 1264 1634
1428 3124 3125 1349 3031 3295 1797 2531 2927 1485
3014 2506 2815 2506 3443 3462 2551 2922 1530 2083
3168 1711 2806 2951 2732 2733 3396 1655 2824 2825
1210 1319 1873 2040 2041 1829 2181 2999 1302 1972
3000 1483 1473 2723 1337 2115 3313 1830 1948 2635
1848 2853 3301 1402 2134 2955 2667 3410 1808 1980
3220 2197 3136 1591 2636 1094 1810 1978 3222 2199
3130 1583 3138 1201 2804 2125 1919 2777 2676 2810
1273 2102 3359 1851 2143 1416 2820 1957 2762 1484
1107 2607 1816 1817 3447 1659 3126 3246 3247 1412
1722 2975 2674 2675 1905 2193 2350 1120 2959 3203
1787 2892 2893 1529 2961 3318 1415 2681 2970 2971
1788 2154 3270 1614 1662 1913 2256 2257 1309 1557
2920 1292 2854 2855 1799 2718 2719 1804 1877 3340
1525 2205 1217 2172 2437 1946 2969 2108 2794 1786
3353 3083 2057 2321 2631 2061 1836 3084 3085 1555
2633 1834 3078 3079 3081 1812 2055 2629 1948 1950
1082 2874 3427 2075 2888 1933 2415 2705 1900 2640
1790 3290 1916 1917 2063 2856 1890 2948 2949 1335
1825 1910 2696 2774 2020 2886 2392 2393 1656 2636
2855 3038 3039 1666 3156 1405 2104 1935 2714 2715
2623 3183 1380 1381 2305 1213 2658 3409 1739 3384
1221 1689 1737 3383 1223 1687 3108 3336 3398 2581
2606 1713 2655 3151 2297 2577 2608 1339 2384 2152
2675 3461 1856 2840 2336 1721 3324 3325 2298 2436
1445 2303 1609 2352 2945 1340 2175 2464 3419 2474
1526 2560 2819 1798 2363 3166 2798 2799 2123 2606
2607 1586 2801 3128 2582 2583 2797 3139 2578 2579
2802 2803 2159 2608 2609 1629 3222 3223 2618 2619
1627 3220 3221 2698 3291 2243 3458 3459 1938 3186
3187 2900 2901 3200 2258 3244 2172 2838 1490 2908
3008 1825 2697 2775 1802 2468 2694 2191 3027 1503
3426 3427 1553 1820 2107 1148 2326 2107 3465 1557
2167 2869 1570 2324 1569 2168 2169 2344 1612 2532
3251 1543 1715 3396 1310 2164 2165 3018 3019 1799
2960 1578 1977 2177 2965 1665 2699 2179 2963 1994
3387 2411 3110 1754 2604 3346 3278 3368 1668 3421
1880 3039 1470 2966 2992 2651 1404 1718 3356 2945
2991 3432 2189 3022 3023 3218 3324 3325 1442 2829
1462 2988 1411 2986 3170 2708 2709 1823 2774 2775
2451 3238 3401 3143 3240 3405 2261 2728 2728 2263
2281 3144 1364 2634 2739 1539 2773 3328 2812 3260
3261 2416 1286 3425 2422 2793 2876 2877 3231 3263
2791 2880 2881 3235 3259 1359 1716 1717 1467 1775
1781 2748 2805 1814 3118 2084 3306 1270 1763 2300
1763 3428 1277 1765 2410 1765 3430 2334 2453 1575
1625 2409 2138 2815 1671 2467 2661 2660 2518 2519
1524 2034 2951 1720 1841 2764 2838 3276 3277 3369
2035 2367 1727 2373 2145 3331 2370 3096 2147 3333
1961 2039 2932 2933 1646 3290 3291 2245 2698 2699
1855 3058 3042 3043 3415 3208 3209 1732 1733 2280
2826 3177 1520 2105 2810 2068 2559 2073 1807 2647
1260 1259 1890 3248 2370 3040 2026 3373 2599 2028
3375 2601 3376 3377 1324 1929 3370 3371 1326 1931
1533 2163 2392 2393 2556 2557 1706 2620 2621 2531
2926 3466 2452 3445 1575 3224 2335 3225 1382 2554
2891 1942 1943 2794 2211 2223 2470 3074 2649 3074
2359 2670 2671 3115 3310 1772 1971 2087 3013 2711
2755 1756 2076 3360 3361 1775 2303 1762 2301 1390
3070 2103 2737 2941 3358 3075 3392 3393 2175 2776
2777 1697 1764 2268 3055 3298 2639 3045 2088 2255
2786 2787 2248 2441 3258 2880 2250 2399 3262 2876
1375 2985 2253 2788 2789 2625 3025 1319 1873 2114
2424 1845 2156 1658 1783 1573 1992 1993 2914 1936
1937 2912 1899 2910 3400 2595 1902 2916 3404 2597
1827 3199 1350 2390 2035 2215 1876 2673 2168 2866
2227 2770 2771 1426 2430 1571 1813 2432 2229 2768
2769 3364 1933 2054 2270 2679 3111 2002 2003 2318
2406 2648 1342 1918 2063 2469 3024 2861 1883 2274
2639 2113 2318 2288 2294 2295 1935 2056 2051 2207
2268 2053 2540 3269 1493 2962 1344 3470 3471 1491
2964 2472 2473 3424 2114 3200 3201 2381 1518 1803
2694 2697 2899 3201 3312 2479 3049 1939 2484 1705
1822 2174 2141 3086 3087 2822 3053 2646 2647 2395
2668 2402 2999 1869 3051 2015 2373 2684 2685 2007
1867 2348 3209 2674 2752 2121 3043 3461 1579 2362
1437 2400 3452 3453 2116 2517 3018 1956 2446 3264
3327 3443 3300 2852 1994 2049 3210 3386 3387 2094
2852 2853 3173 3026 3027 3426 2223 2856 2044 2703
2573 2847 2046 2700 2701 2575 2849 1715 2806 2119
2951 1409 2177 2788 2984 2538 2992 2993 2495 2395
2813 2178 2179 2395 1773 2304 1911 2221 2994 2995
2996 2311 2459 2454 2888 2889 2186 2288 1487 2321
3192 2369 2858 2859 1937 2640 2641 2356 3050 2137
3070 3071 2135 2692 3071 1748 2137 1751 2935 1495
2133 3235 2672 2937 1497 2131 3231 1427 2224 2939
1871 2862 2278 2414 1913 1941 2135 2401 2456 2897
2182 2953 2538 2539 3181 2131 1870 2473 3424 3425
1882 2186 2986 2171 2361 2973 1854 1855 2536 2952
1608 2990 2504 2821 2142 3226 3227 1691 2571 2686
1707 1735 2258 2259 2443 1877 2771 1598 2227 1446
2769 1594 2229 2766 2767 2938 1620 2481 2489 3379
1857 2653 1690 1717 2713 2000 2363 3273 2378 3363
2456 2731 2058 2401 2291 2515 1561 2994 2995 2513
3378 2133 3316 1841 1946 1655 3438 2302 2824 2492
2493 2040 2870 2871 2584 2588 2589 2524 1678 2590
2591 2522 2587 1682 2167 2585 1681 2496 2497 2553
3351 1961 2933 2163 3154 3155 1994 3338 3339 2441
3021 1781 2441 2987 3171 2808 2206 2207 2330 2289
2067 2188 3022 2247 2895 3284 1707 2557 2967 3181
1669 3367 3420 2004 2459 2809 2381 3200 2403 3099
1769 3229 3216 3217 3190 3191 1776 2048 2817 2293
2974 2975 1787 3004 3005 1814 2064 3046 2957 3103
2150 3149 2530 3015 2060 2061 2444 1553 3193 2411
1672 1982 3028 2365 2965 3213 2336 2359 3309 2963
3210 2419 2132 2283 2421 2130 2285 1828 2417 2423
1753 2665 3427 1673 2884 2885 2546 1927 2544 2543
3385 2578 2613 2548 2549 2582 2610 3476 3378 3379
2118 3275 1930 2617 2783 3011 3299 1928 2615 2141
2776 3100 3101 2811 3322 2105 2316 3169 1796 2073
2950 3269 2540 2541 2101 3202 2097 2509 1783 2273
2960 2111 2149 3149 3237 2162 2446 2605 3315 1853
2783 2929 2070 2305 3408 2427 3013 1747 2175 3418
2738 3329 3292 3450 1965 2839 3450 3410 3411 1714
2757 2307 2623 2078 3183 3031 3125 3294 2008 2481
2195 2893 3175 1787 2725 2818 2193 2351 3176 1766
2295 2321 2106 1805 2052 2632 2920 2166 2426 3381
1906 3017 2491 2514 2515 2884 2885 1921 2296 2716
3034 3035 1646 3434 3435 2117 2497 2588 1805 2168
2590 2167 2869 3038 3247 2081 3038 2141 3321 3389
3225 2505 2996 2157 2478 2362 2363 2533 2608 2802
3130 3131 1585 3138 3271 1615 2796 3106 3139 2800
1590 3104 3128 2606 2798 3136 3137 3105 3129 2637
1594 2759 3068 3069 2758 2524 2525 2759 2428 3454
3455 3066 3067 3454 3455 2428 2522 2523 1603 3062
2516 2517 2761 2526 2760 1607 3064 2225 3457 2528
2868 3456 2680 2991 2016 2353 1698 2781 2977 2074
3478 3479 2735 3250 1693 2532 3277 1959 2842 3270
3271 2724 2972 2973 2277 3006 3007 2502 2503 3284
2101 3178 3179 2315 2096 3354 3448 3449 2182 2680
2681 1815 2642 2643 2238 3224 2253 2905 1809 2396
2255 2535 1811 1945 3037 2832 2833 1768 1703 3311
3416 1792 2352 1875 2980 2626 2627 2265 2846 1735
2260 2544 1733 2262 2546 2267 2848 1791 1850 2784
3290 2384 2485 2658 3014 3015 2720 3148 2994 3267
1844 1845 2850 1774 2825 3439 3146 2013 2273 1660
3196 3120 3302 3303 3194 3122 3304 3305 2244 2656
2698 2644 2645 2932 2503 3156 3323 2943 3366 3366
3421 1752 2660 2835 3029 2874 3478 3101 3393 1898
2865 1710 3274 2329 2591 2589 2584 2585 2586 2587
2327 2323 2326 2845 3196 2146 2845 2843 3194 2144
2843 2653 2652 2687 3368 3369 2333 2533 2468 3345
2834 3473 2476 2778 2780 2976 2005 2808 1984 2494
3147 2670 3309 3184 3185 2974 3352 3353 2209 3378
3379 3476 2480 3030 3031 2688 2807 3397 2021 3169
2296 2654 2756 3397 2552 3326 3265 2896 2940 3390
2434 2435 2724 2974 3004 3120 3040 3097 3122 1868
2836 2848 3241 2701 3282 3283 2846 3239 1738 3033
3003 3113 3283 2701 3033 2267 3241 3431 2265 3239
2451 3429 2828 2859 3218 1866 2369 1919 2407 2777
3419 1757 2711 2493 2684 1949 3426 2605 3347 1765
2338 2928 2733 1763 2930 1887 3184 3185 3242 3243
2511 3398 2143 3108 3109 2572 2574 3322 3284 2602
3228 2041 2592 2593 2938 2298 3437 2707 3416 2427
3474 2816 2978 2886 2625 3444 2069 3467 1986 2748
2749 3477 2854 2855 2213 3155 3204 3205 2840 3308
3005 1998 2155 2749 2805 2656 3291 1981 2355 2077
3361 2153 3414 2218 3058 3059 2713 3167 2940 1940
2469 2695 3388 3389 3341 2085 3306 3307 2365 2471
1981 3221 2964 1979 3223 2962 2920 2921 1878 2767
2643 3074 2442 3446 1844 1951 2888 2898 3048 3464
2107 2323 2773 3328 2697 3345 2772 1894 3000 3001
3198 2461 2521 2998 2890 2634 2346 2347 3082 3083
2344 2633 2060 2342 2340 2341 3080 3081 2764 2765
2829 2158 3116 2020 2851 2157 2127 2477 2949 3040
3172 3173 2708 2982 2983 2785 3435 2142 2783 3286
3287 3060 3391 3059 2841 3206 1952 2652 2231 3400
3401 2910 2233 3404 3405 2916 2234 3403 1896 2915
2236 3407 2913 3144 2662 3342 3343 2192 2837 2404
2405 2862 2863 2299 2409 2625 3025 2980 2981 3340
3413 3349 3436 2080 2718 2638 2139 2720 2814 2530
3148 3149 3441 2337 2903 2937 3056 3249 2108 2222
2085 2947 2969 3280 2068 3217 2448 2449 2622 2623
3245 2498 2499 2450 2911 2641 3144 3406 2500 2501
3287 3358 2676 2826 2302 3017 3344 2459 2723 2458
2683 3423 1914 3436 3437 3365 3422 3423 3344 3345
2090 2125 1918 2823 2240 2391 2717 2983 3301 3415
2017 2971 3112 3446 3447 2033 3275 2031 2569 2705
3364 2563 2715 2989 2600 2242 2485 3186 2736 2737
2692 2795 2484 2619 2979 3116 2099 2957 3153 2664
2665 2890 2687 3441 2078 2161 2682 2720 2474 3203
3090 3272 2686 3289 2932 2179 3211 3470 2042 2177
2472 3334 2420 3231 2131 3232 2128 2287 2016 2706
3001 3152 2383 3316 2418 3235 2133 2332 2719 3166
1991 2618 1989 2339 3111 2744 3162 3163 2742 3164
3165 2746 3159 2740 3161 2598 2049 3146 3147 3246
2200 2636 2805 2202 2804 2713 2486 2712 2005 2319
2092 2458 2808 2691 2935 3030 2315 2620 2521 3453
2181 2844 2845 3127 2216 2836 2970 2990 2923 2924
2887 2110 2475 3304 2560 2212 3302 2819 3175 2056
3083 2054 3081 3078 3370 3084 3376 2439 2314 2462
2463 2067 3449 2603 3115 2386 2702 3331 2388 3333
2979 2061 2206 2204 2185 2628 2630 2666 2734 2445
3053 3047 3118 3216 2076 3022 2558 2452 3409 2191
2660 2661 3000 2551 2780 2889 2352 3182 2380 3367
3039 3180 2925 3150 2110 3169 3307 2946 2675 2385
3012 2669 3260 2461 2657 2784 3226 2113 2171 2638
2490 2995 3178 2957 3179 2958 2737 2317 3359 2631
2795 3174 3315 2478 3312 2496 2760 2688 3274 2950
3042 2153 3460 2785 3337 2291 2465 2778 2779 2476
2287 2939 2284 2282 2666 2954 2755 3411 2246 2860
2721 2815 3087 2820 3107 3330 3105 3332 2151 2393
2150 2763 2674 3460 3415 3090 3091 3002 3037 2714
3171 2763 2727 2629 2765 2909 3306 2738 3418 2396
2534 3099 3098 2412 3448 2256 2921 2289 2987 2988
3023 3350 3360 3027 3187 3177 2892 3174 2831 2833
3163 3140 3165 3132 2918 2519 2331 3288 3289 2223
3089 3473 3319 2961 3269 3412 2651 2537 2997 3248
3249 3254 3255 2284 3257 2282 3253 3401 2450 3405
3142 2915 3402 2913 3406 3190 3191 2334 2391 3208
3459 3026 2699 3463 2894 2790 2791 2742 2792 2793
2744 2789 2904 2787 3348 3436 2729 3244 2728 2280
2275 3054 3111 3126 3054 2330 3007 2960 2415 2414
3218 3219 2349 3145 3252 2418 3256 2420 3065 3255
3227 3154 3155 2817 2609 2436 2711 3360 3013 3408
2901 3299 3044 3048 2453 2334 3355 3356 2677 2977
3192 3193 2586 2444 3369 3308 3440 3441 3110 3346
3465 2663 3209 2810 3016 3017 3051 3189 3050 3339
3387 3386 2973 2753 2644 2647 3251 3317 3097 3096
3123 2438 3152 2390 3198 3343 3076 3077 3316 3317
3331 2612 3330 3333 2611 3332 2668 2669 2813 2904
2984 3262 3263 2495 3471 2999 3098 3358 3189 3392
2721 3157 2811 3072 2704 3233 2901 3394 3395 2906
2770 2867 3454 3456 3457 2868 2869 2759 2764 2942
2943 3021 3258 3259 3003 3464 3465 2653 3265 3402
3239 3445 3060 2516 3452 3273 3362 2491 2709 2649
3451 3203 2700 2554 2997 3125 3294 2695 2872 2873
3061 3296 3077 3362 3363 3124 3215 2931 3143 2929
3285 3266 3267 2814 3264 3285 3288 2607 3398 3399
3112 2690 3020 3214 3267 3019 3268 2871 3015 2970
3057 3413 3340 3341 3385 3382 2923 2751 2570 2933
2891 3049 3281 2599 2594 2595 2596 2597 2601 2751
2847 2849 2627 3229 3315 2654 3104 3106 2689 3444
3445 3469 2918 3079 3173 2852 3129 3073 3052 3213
2822 2731 3390 3186 2858 3114 2936 3479 2691 2864
3071 2775 3032 3033 2983 2755 3150 3151 2898 2899
3018 3391 3397 2954 3188 3172 3329 3351 3460 3297
2757 3250 3251 2768 3093 3095 2982 3472 2929 2812
3323 3260 2861 2837 3434 2857 3472 3335 3091 3194
3196 3109 3300 3458 3219 3475 3474 3334 2931 3388
2889 3262 3261 3258 3326 3327 3313 3422 3381 3009
3286 3341 3168 3467 3466 3092 3093 3094 3095 3357
3056 3432 3433 3473 3268 3153 3202 3319 3211 3212
3180 3102 3103 3042 3117 3242 3425 3170 3153 3395
3353 3292 3299 3286 3479 3055 3314 3367 3100 3252
3256 3121 3321 3392 3271 3446 3310 3224 3197 3195
3134 3240 3448 3182 3305 3236 3338 3237 3281 3263
3259 3311 3420 3421 3451 3468 3389 3442 3399 3417
3462 3475
)

// ************************************************************************* //
