FoamFile
{
    version     2.0;
    format      ascii;
    location    "constant/polyMesh";
    class       faceList;
    object      faces;
}

// * * * * * * * * * * * * * * * * * * * * * * * * * * * * * * * * * * * * * //

2908
(
4(5 428 533 485)
4(43 530 533 428)
4(6 429 534 486)
4(428 533 534 429)
4(7 430 535 487)
4(429 534 535 430)
4(8 431 536 488)
4(430 535 536 431)
4(9 432 537 489)
4(431 536 537 432)
4(10 433 538 490)
4(432 537 538 433)
4(11 434 539 491)
4(433 538 539 434)
4(12 435 540 492)
4(434 539 540 435)
4(13 436 541 493)
4(435 540 541 436)
4(14 437 542 494)
4(436 541 542 437)
4(15 438 543 495)
4(437 542 543 438)
4(16 439 544 496)
4(438 543 544 439)
4(17 440 545 497)
4(439 544 545 440)
4(18 441 546 498)
4(440 545 546 441)
4(19 442 547 499)
4(441 546 547 442)
4(20 443 548 500)
4(442 547 548 443)
4(21 444 549 501)
4(443 548 549 444)
4(22 445 550 502)
4(444 549 550 445)
4(23 446 551 503)
4(445 550 551 446)
4(446 551 506 61)
4(428 447 552 533)
4(44 531 552 447)
4(429 448 553 534)
4(447 552 553 448)
4(430 449 554 535)
4(448 553 554 449)
4(431 450 555 536)
4(449 554 555 450)
4(432 451 556 537)
4(450 555 556 451)
4(433 452 557 538)
4(451 556 557 452)
4(434 453 558 539)
4(452 557 558 453)
4(435 454 559 540)
4(453 558 559 454)
4(436 455 560 541)
4(454 559 560 455)
4(437 456 561 542)
4(455 560 561 456)
4(438 457 562 543)
4(456 561 562 457)
4(439 458 563 544)
4(457 562 563 458)
4(440 459 564 545)
4(458 563 564 459)
4(441 460 565 546)
4(459 564 565 460)
4(442 461 566 547)
4(460 565 566 461)
4(443 462 567 548)
4(461 566 567 462)
4(444 463 568 549)
4(462 567 568 463)
4(445 464 569 550)
4(463 568 569 464)
4(446 465 570 551)
4(464 569 570 465)
4(465 570 507 62)
4(447 466 571 552)
4(45 532 571 466)
4(448 467 572 553)
4(466 571 572 467)
4(449 468 573 554)
4(467 572 573 468)
4(450 469 574 555)
4(468 573 574 469)
4(451 470 575 556)
4(469 574 575 470)
4(452 471 576 557)
4(470 575 576 471)
4(453 472 577 558)
4(471 576 577 472)
4(454 473 578 559)
4(472 577 578 473)
4(455 474 579 560)
4(473 578 579 474)
4(456 475 580 561)
4(474 579 580 475)
4(457 476 581 562)
4(475 580 581 476)
4(458 477 582 563)
4(476 581 582 477)
4(459 478 583 564)
4(477 582 583 478)
4(460 479 584 565)
4(478 583 584 479)
4(461 480 585 566)
4(479 584 585 480)
4(462 481 586 567)
4(480 585 586 481)
4(463 482 587 568)
4(481 586 587 482)
4(464 483 588 569)
4(482 587 588 483)
4(465 484 589 570)
4(483 588 589 484)
4(484 589 508 63)
4(466 80 510 571)
4(4 529 510 80)
4(467 81 511 572)
4(80 510 511 81)
4(468 82 512 573)
4(81 511 512 82)
4(469 83 513 574)
4(82 512 513 83)
4(470 84 514 575)
4(83 513 514 84)
4(471 85 515 576)
4(84 514 515 85)
4(472 86 516 577)
4(85 515 516 86)
4(473 87 517 578)
4(86 516 517 87)
4(474 88 518 579)
4(87 517 518 88)
4(475 89 519 580)
4(88 518 519 89)
4(476 90 520 581)
4(89 519 520 90)
4(477 91 521 582)
4(90 520 521 91)
4(478 92 522 583)
4(91 521 522 92)
4(479 93 523 584)
4(92 522 523 93)
4(480 94 524 585)
4(93 523 524 94)
4(481 95 525 586)
4(94 524 525 95)
4(482 96 526 587)
4(95 525 526 96)
4(483 97 527 588)
4(96 526 527 97)
4(484 98 528 589)
4(97 527 528 98)
4(98 528 509 79)
4(101 100 642 643)
4(100 99 641 642)
4(101 643 641 99)
4(60 24 591 640)
4(79 102 644 509)
4(98 528 644 102)
4(2 103 645 610)
4(78 611 645 103)
4(80 46 626 510)
4(104 646 612 77)
4(104 76 613 646)
4(105 77 612 647)
4(103 645 612 77)
4(103 105 647 645)
4(106 96 526 648)
4(106 648 527 97)
4(64 102 644 625)
4(108 107 649 650)
4(109 108 650 651)
4(109 651 649 107)
4(110 652 608 41)
4(103 41 608 645)
4(110 103 645 652)
4(113 655 653 111)
4(113 112 654 655)
4(112 111 653 654)
4(115 114 656 657)
4(116 658 656 114)
4(116 115 657 658)
4(117 114 656 659)
4(117 659 657 115)
4(118 113 655 660)
4(118 660 653 111)
4(121 120 662 663)
4(120 119 661 662)
4(121 663 661 119)
4(122 664 595 28)
4(122 29 596 664)
4(74 615 665 123)
4(124 123 665 666)
4(74 124 666 615)
4(125 105 647 667)
4(125 667 652 110)
4(105 110 652 647)
4(115 657 640 60)
4(115 24 591 657)
4(127 126 668 669)
4(128 670 668 126)
4(128 127 669 670)
4(130 672 628 48)
4(130 129 671 672)
4(129 48 628 671)
4(47 130 672 627)
4(133 675 673 131)
4(132 131 673 674)
4(133 132 674 675)
4(134 80 510 676)
4(135 677 510 80)
4(135 134 676 677)
4(135 677 678 136)
4(81 136 678 511)
4(135 81 511 677)
4(133 137 679 675)
4(137 50 630 679)
4(133 675 630 50)
4(95 525 680 138)
4(139 138 680 681)
4(95 139 681 525)
4(141 140 682 683)
4(142 141 683 684)
4(142 684 682 140)
4(143 94 524 685)
4(138 680 524 94)
4(138 143 685 680)
4(145 687 623 66)
4(145 144 686 687)
4(144 66 623 686)
4(143 93 523 685)
4(147 146 688 689)
4(148 147 689 690)
4(148 690 688 146)
4(150 692 691 149)
4(30 149 691 597)
4(150 30 597 692)
4(152 151 693 694)
4(153 695 693 151)
4(153 152 694 695)
4(91 154 696 521)
4(155 697 696 154)
4(155 91 521 697)
4(66 156 698 623)
4(145 687 698 156)
4(159 701 699 157)
4(158 157 699 700)
4(159 158 700 701)
4(162 161 703 704)
4(161 160 702 703)
4(162 704 702 160)
4(163 705 697 155)
4(163 90 520 705)
4(90 155 697 520)
4(156 698 689 147)
4(156 146 688 698)
4(165 164 706 707)
4(72 617 706 164)
4(72 165 707 617)
4(157 40 607 699)
4(40 159 701 607)
4(166 708 606 39)
4(159 39 606 701)
4(166 159 701 708)
4(169 711 709 167)
4(169 168 710 711)
4(168 167 709 710)
4(171 170 712 713)
4(172 171 713 714)
4(172 714 712 170)
4(174 173 715 716)
4(175 717 715 173)
4(175 174 716 717)
4(177 719 718 176)
4(163 176 718 705)
4(177 163 705 719)
4(178 720 619 70)
4(178 69 620 720)
4(181 723 721 179)
4(181 180 722 723)
4(180 179 721 722)
4(161 164 706 703)
4(165 161 703 707)
4(183 725 602 35)
4(182 35 602 724)
4(183 182 724 725)
4(186 728 726 184)
4(186 185 727 728)
4(185 184 726 727)
4(188 187 729 730)
4(189 731 729 187)
4(189 188 730 731)
4(191 179 721 733)
4(179 190 732 721)
4(191 733 732 190)
4(194 736 734 192)
4(193 192 734 735)
4(194 193 735 736)
4(195 126 668 737)
4(196 738 668 126)
4(196 195 737 738)
4(85 197 739 515)
4(84 514 739 197)
4(200 742 740 198)
4(199 198 740 741)
4(200 199 741 742)
4(202 744 743 201)
4(197 201 743 739)
4(202 197 739 744)
4(204 203 745 746)
4(205 747 745 203)
4(205 204 746 747)
4(56 206 748 636)
4(207 56 636 749)
4(207 749 748 206)
4(208 750 691 149)
4(208 150 692 750)
4(209 207 749 751)
4(210 752 749 207)
4(210 209 751 752)
4(212 754 753 211)
4(212 185 727 754)
4(185 211 753 727)
4(215 757 755 213)
4(214 213 755 756)
4(215 214 756 757)
4(213 200 742 755)
4(215 757 742 200)
4(202 216 758 744)
4(217 202 744 759)
4(217 759 758 216)
4(219 218 760 761)
4(220 762 760 218)
4(220 219 761 762)
4(221 136 678 763)
4(82 512 678 136)
4(82 221 763 512)
4(223 222 764 765)
4(224 223 765 766)
4(224 766 764 222)
4(172 163 705 714)
4(155 172 714 697)
4(137 225 767 679)
4(219 761 767 225)
4(219 137 679 761)
4(228 770 768 226)
4(227 226 768 769)
4(228 227 769 770)
4(231 230 772 773)
4(230 229 771 772)
4(231 773 771 229)
4(185 33 600 727)
4(232 774 600 33)
4(232 185 727 774)
4(235 777 775 233)
4(235 234 776 777)
4(234 233 775 776)
4(189 87 517 731)
4(189 731 518 88)
4(238 780 778 236)
4(238 237 779 780)
4(237 236 778 779)
4(239 781 595 28)
4(239 122 664 781)
4(242 241 783 784)
4(241 240 782 783)
4(242 784 782 240)
4(54 214 756 634)
4(54 634 785 243)
4(214 243 785 756)
4(244 124 666 786)
4(75 614 666 124)
4(75 244 786 614)
4(247 789 787 245)
4(247 246 788 789)
4(246 245 787 788)
4(249 248 790 791)
4(250 249 791 792)
4(250 792 790 248)
4(144 102 644 686)
4(144 686 625 64)
4(37 604 793 251)
4(36 251 793 603)
4(254 253 795 796)
4(253 252 794 795)
4(254 796 794 252)
4(257 256 798 799)
4(257 799 797 255)
4(256 255 797 798)
4(260 259 801 802)
4(259 258 800 801)
4(260 802 800 258)
4(262 261 803 804)
4(263 805 803 261)
4(263 262 804 805)
4(264 261 803 806)
4(264 806 804 262)
4(266 265 807 808)
4(267 266 808 809)
4(267 809 807 265)
4(270 269 811 812)
4(270 812 810 268)
4(269 268 810 811)
4(129 271 813 671)
4(131 129 671 673)
4(131 673 813 271)
4(273 272 814 815)
4(274 816 814 272)
4(274 273 815 816)
4(101 643 817 275)
4(276 275 817 818)
4(101 276 818 643)
4(203 745 819 277)
4(203 85 515 745)
4(85 277 819 515)
4(279 278 820 821)
4(278 208 750 820)
4(279 821 750 208)
4(280 184 726 822)
4(184 212 754 726)
4(280 822 754 212)
4(282 824 823 281)
4(107 281 823 649)
4(282 107 649 824)
4(284 174 716 826)
4(174 283 825 716)
4(284 826 825 283)
4(286 285 827 828)
4(287 286 828 829)
4(287 829 827 285)
4(289 831 823 281)
4(289 288 830 831)
4(288 281 823 830)
4(166 38 605 708)
4(290 166 708 832)
4(290 832 605 38)
4(293 835 833 291)
4(292 291 833 834)
4(293 292 834 835)
4(295 294 836 837)
4(296 838 836 294)
4(296 295 837 838)
4(248 297 839 790)
4(297 266 808 839)
4(248 790 808 266)
4(106 139 681 648)
4(96 526 681 139)
4(147 299 841 689)
4(299 298 840 841)
4(147 689 840 298)
4(301 300 842 843)
4(300 125 667 842)
4(301 843 667 125)
4(291 302 844 833)
4(302 293 835 844)
4(303 247 789 845)
4(304 303 845 846)
4(304 846 789 247)
4(305 253 795 847)
4(254 305 847 796)
4(57 207 749 637)
4(57 637 751 209)
4(119 206 748 661)
4(306 848 748 206)
4(306 119 661 848)
4(309 851 849 307)
4(308 307 849 850)
4(309 308 850 851)
4(52 218 760 632)
4(52 632 852 310)
4(218 310 852 760)
4(229 311 853 771)
4(312 854 853 311)
4(312 229 771 854)
4(259 801 855 313)
4(314 313 855 856)
4(259 314 856 801)
4(178 148 690 720)
4(178 720 621 68)
4(148 68 621 690)
4(317 316 858 859)
4(316 315 857 858)
4(317 859 857 315)
4(318 255 797 860)
4(319 318 860 861)
4(319 861 797 255)
4(256 321 863 798)
4(321 320 862 863)
4(256 798 862 320)
4(322 31 598 864)
4(150 692 598 31)
4(150 322 864 692)
4(324 866 865 323)
4(258 323 865 800)
4(324 258 800 866)
4(202 83 513 744)
4(202 744 514 84)
4(307 849 867 325)
4(307 326 868 849)
4(326 325 867 868)
4(325 327 869 867)
4(307 849 869 327)
4(51 137 679 631)
4(137 220 762 679)
4(51 631 762 220)
4(329 871 731 189)
4(329 328 870 871)
4(328 189 731 870)
4(331 330 872 873)
4(176 331 873 718)
4(176 718 872 330)
4(143 685 874 332)
4(333 332 874 875)
4(143 333 875 685)
4(141 334 876 683)
4(335 141 683 877)
4(335 877 876 334)
4(337 879 838 296)
4(337 336 878 879)
4(336 296 838 878)
4(338 252 794 880)
4(338 880 795 253)
4(339 881 718 176)
4(339 177 719 881)
4(340 192 734 882)
4(233 775 734 192)
4(233 340 882 775)
4(341 883 860 318)
4(341 255 797 883)
4(343 342 884 885)
4(227 769 884 342)
4(227 343 885 769)
4(344 107 649 886)
4(345 887 649 107)
4(345 344 886 887)
4(158 290 832 700)
4(158 700 844 302)
4(290 302 844 832)
4(112 654 593 26)
4(113 26 593 655)
4(347 346 888 889)
4(348 890 888 346)
4(348 347 889 890)
4(349 117 659 891)
4(349 891 639 59)
4(117 59 639 659)
4(239 27 594 781)
4(239 781 655 113)
4(27 113 655 594)
4(351 350 892 893)
4(297 839 892 350)
4(297 351 893 839)
4(167 709 836 294)
4(352 294 836 894)
4(167 352 894 709)
4(354 896 783 241)
4(353 241 783 895)
4(354 353 895 896)
4(206 748 740 198)
4(243 198 740 785)
4(206 243 785 748)
4(320 862 897 355)
4(356 355 897 898)
4(320 356 898 862)
4(358 900 899 357)
4(274 357 899 816)
4(358 274 816 900)
4(359 237 779 901)
4(237 324 866 779)
4(359 901 866 324)
4(242 200 742 784)
4(242 784 755 213)
4(256 360 902 798)
4(230 772 902 360)
4(230 256 798 772)
4(231 773 863 321)
4(361 321 863 903)
4(231 361 903 773)
4(183 725 601 34)
4(363 280 822 905)
4(280 362 904 822)
4(363 905 904 362)
4(141 364 906 683)
4(364 334 876 906)
4(148 299 841 690)
4(282 160 702 824)
4(160 109 651 702)
4(282 824 651 109)
4(123 73 616 665)
4(363 304 846 905)
4(190 732 846 304)
4(190 363 905 732)
4(245 787 907 365)
4(292 365 907 834)
4(245 292 834 787)
4(366 908 901 359)
4(366 237 779 908)
4(346 888 663 121)
4(118 121 663 660)
4(346 118 660 888)
4(367 909 660 118)
4(367 113 655 909)
4(149 691 910 368)
4(122 368 910 664)
4(149 122 664 691)
4(370 912 796 254)
4(369 254 796 911)
4(370 369 911 912)
4(371 212 754 913)
4(371 913 753 211)
4(342 351 893 884)
4(286 828 893 351)
4(286 342 884 828)
4(372 226 768 914)
4(369 911 768 226)
4(369 372 914 911)
4(275 100 642 817)
4(312 373 915 854)
4(374 916 915 373)
4(374 312 854 916)
4(241 376 918 783)
4(376 375 917 918)
4(241 783 917 375)
4(309 851 815 273)
4(309 272 814 851)
4(168 377 919 710)
4(378 920 919 377)
4(378 168 710 920)
4(164 706 618 71)
4(175 71 618 717)
4(164 175 717 706)
4(379 372 914 921)
4(314 856 914 372)
4(314 379 921 856)
4(380 126 668 922)
4(380 922 669 127)
4(382 381 923 924)
4(289 831 923 381)
4(289 382 924 831)
4(283 161 703 825)
4(283 825 704 162)
4(383 269 811 925)
4(384 383 925 926)
4(384 926 811 269)
4(385 927 777 235)
4(265 235 777 807)
4(385 265 807 927)
4(386 928 885 343)
4(386 350 892 928)
4(350 343 885 892)
4(331 235 777 873)
4(233 331 873 775)
4(387 218 760 929)
4(387 929 761 219)
4(310 214 756 852)
4(310 852 634 54)
4(389 194 736 931)
4(194 388 930 736)
4(389 931 930 388)
4(390 355 897 932)
4(391 933 897 355)
4(391 390 932 933)
4(179 224 766 721)
4(224 181 723 766)
4(183 181 723 725)
4(392 934 723 181)
4(392 183 725 934)
4(373 915 778 236)
4(373 238 780 915)
4(323 153 695 865)
4(153 324 866 695)
4(393 226 768 935)
4(372 393 935 914)
4(341 340 882 883)
4(394 936 882 340)
4(394 341 883 936)
4(271 396 938 813)
4(396 395 937 938)
4(271 813 937 395)
4(134 46 626 676)
4(315 250 792 857)
4(384 315 857 926)
4(384 926 792 250)
4(249 169 711 791)
4(169 248 790 711)
4(275 391 933 817)
4(356 898 933 391)
4(356 275 817 898)
4(390 932 899 357)
4(390 358 900 932)
4(334 106 648 876)
4(106 397 939 648)
4(334 876 939 397)
4(232 774 598 31)
4(232 32 599 774)
4(128 371 913 670)
4(278 128 670 820)
4(278 820 913 371)
4(332 154 696 874)
4(154 92 522 696)
4(332 874 522 92)
4(270 171 713 812)
4(398 940 713 171)
4(398 270 812 940)
4(399 277 819 941)
4(277 86 516 819)
4(399 941 516 86)
4(329 400 942 871)
4(205 747 942 400)
4(205 329 871 747)
4(104 105 647 646)
4(125 104 646 667)
4(300 124 666 842)
4(300 842 786 244)
4(401 212 754 943)
4(371 401 943 913)
4(127 669 865 323)
4(402 323 865 944)
4(127 402 944 669)
4(403 291 833 945)
4(344 886 833 291)
4(344 403 945 886)
4(108 650 843 301)
4(108 300 842 650)
4(217 136 678 759)
4(217 759 763 221)
4(216 758 946 404)
4(272 404 946 814)
4(216 272 814 758)
4(405 947 713 171)
4(405 170 712 947)
4(398 154 696 940)
4(332 398 940 874)
4(201 203 745 743)
4(204 201 743 746)
4(277 205 747 819)
4(210 752 661 119)
4(210 206 748 752)
4(349 58 638 891)
4(209 751 638 58)
4(209 349 891 751)
4(152 406 948 694)
4(406 151 693 948)
4(407 152 694 949)
4(368 910 694 152)
4(368 407 949 910)
4(220 762 632 52)
4(387 929 895 353)
4(225 353 895 767)
4(387 225 767 929)
4(137 679 867 325)
4(133 325 867 675)
4(131 673 867 325)
4(131 327 869 673)
4(350 892 884 342)
4(386 265 807 928)
4(386 928 808 266)
4(123 160 702 665)
4(123 665 703 161)
4(232 322 864 774)
4(211 753 864 322)
4(211 232 774 753)
4(186 728 600 33)
4(186 34 601 728)
4(351 893 837 295)
4(351 294 836 893)
4(336 878 828 286)
4(336 285 827 878)
4(408 950 823 281)
4(408 289 831 950)
4(296 838 788 246)
4(381 246 788 923)
4(296 381 923 838)
4(158 409 951 700)
4(157 699 951 409)
4(245 408 950 787)
4(408 410 952 950)
4(245 787 952 410)
4(311 853 802 260)
4(311 259 801 853)
4(360 372 914 902)
4(379 360 902 921)
4(411 316 858 953)
4(262 804 858 316)
4(262 411 953 804)
4(284 826 710 168)
4(284 377 919 826)
4(412 954 859 317)
4(412 316 858 954)
4(140 298 840 682)
4(140 682 841 299)
4(117 111 653 659)
4(114 656 653 111)
4(112 654 592 25)
4(110 157 699 652)
4(125 667 699 157)
4(42 103 645 609)
4(413 98 528 955)
4(102 413 955 644)
4(145 397 939 687)
4(397 144 686 939)
4(376 326 868 918)
4(326 308 850 868)
4(376 918 850 308)
4(361 375 917 903)
4(100 361 903 642)
4(100 642 917 375)
4(110 652 607 40)
4(403 301 843 945)
4(409 403 945 951)
4(409 951 843 301)
4(410 107 649 952)
4(410 952 886 344)
4(281 414 956 823)
4(414 282 824 956)
4(252 196 738 794)
4(415 252 794 957)
4(415 957 738 196)
4(313 370 912 855)
4(415 313 855 957)
4(415 957 912 370)
4(374 416 958 916)
4(231 773 958 416)
4(231 374 916 773)
4(417 959 784 242)
4(417 200 742 959)
4(235 405 947 777)
4(405 385 927 947)
4(193 735 873 331)
4(193 330 872 735)
4(402 279 821 944)
4(279 152 694 821)
4(402 944 694 152)
4(258 127 669 800)
4(368 208 750 910)
4(29 149 691 596)
4(411 169 711 953)
4(249 411 953 791)
4(299 264 806 841)
4(299 841 858 316)
4(264 316 858 806)
4(201 216 758 743)
4(404 309 851 946)
4(404 946 849 307)
4(151 346 888 693)
4(151 693 889 347)
4(236 347 889 778)
4(199 236 778 741)
4(199 741 889 347)
4(290 251 793 832)
4(222 764 793 251)
4(222 290 832 764)
4(401 943 960 418)
4(401 195 737 943)
4(195 418 960 737)
4(184 180 722 726)
4(181 184 726 723)
4(369 419 961 911)
4(305 847 961 419)
4(305 369 911 847)
4(246 337 879 788)
4(191 224 766 733)
4(180 722 905 363)
4(180 280 822 722)
4(253 336 878 795)
4(337 253 795 879)
4(362 252 794 904)
4(338 362 904 880)
4(198 306 848 740)
4(55 206 748 635)
4(124 160 702 666)
4(165 73 616 707)
4(165 707 665 123)
4(141 269 811 683)
4(269 364 906 811)
4(335 877 682 140)
4(335 298 840 877)
4(377 414 956 919)
4(414 378 920 956)
4(174 261 803 716)
4(173 715 803 261)
4(394 343 885 936)
4(228 770 885 343)
4(228 394 936 770)
4(419 227 769 961)
4(287 419 961 829)
4(287 829 769 227)
4(393 256 798 935)
4(257 393 935 799)
4(319 861 897 355)
4(319 320 862 861)
4(142 684 811 269)
4(142 317 859 684)
4(317 269 811 859)
4(270 420 962 812)
4(420 269 811 962)
4(198 215 757 740)
4(417 959 778 236)
4(417 373 915 959)
4(421 963 768 226)
4(421 228 770 963)
4(192 318 860 734)
4(318 194 736 860)
4(329 389 931 871)
4(400 942 931 389)
4(357 400 942 899)
4(390 932 942 400)
4(144 65 624 686)
4(145 298 840 687)
4(298 397 939 840)
4(416 958 903 361)
4(416 375 917 958)
4(213 422 964 755)
4(354 896 964 422)
4(354 213 755 896)
4(148 690 803 261)
4(178 261 803 720)
4(146 688 621 68)
4(146 67 622 688)
4(188 730 519 89)
4(188 88 518 730)
4(187 339 881 729)
4(330 872 881 339)
4(330 187 729 872)
4(120 662 659 117)
4(120 111 653 662)
4(423 965 948 406)
4(367 406 948 909)
4(423 367 909 965)
4(378 920 709 167)
4(378 288 830 920)
4(288 167 709 830)
4(424 167 709 966)
4(294 424 966 836)
4(334 425 967 876)
4(425 106 648 967)
4(426 106 648 968)
4(413 426 968 955)
4(413 955 648 106)
4(130 672 938 396)
4(130 134 676 672)
4(134 396 938 676)
4(132 674 628 48)
4(132 49 629 674)
4(197 203 745 739)
4(221 763 744 202)
4(221 83 513 763)
4(268 810 807 265)
4(268 383 925 810)
4(383 265 807 925)
4(386 234 776 928)
4(234 265 807 776)
4(315 249 791 857)
4(383 250 792 925)
4(267 809 792 250)
4(267 383 925 809)
4(395 937 946 404)
4(395 216 758 937)
4(129 396 938 671)
4(325 225 767 867)
4(376 353 895 918)
4(353 326 868 895)
4(173 715 619 70)
4(173 178 720 715)
4(284 261 803 826)
4(321 230 772 863)
4(240 416 958 782)
4(374 240 782 916)
4(244 786 646 104)
4(244 76 613 786)
4(341 192 734 883)
4(386 928 882 340)
4(343 340 882 885)
4(354 896 784 242)
4(214 422 964 756)
4(349 120 662 891)
4(115 657 639 59)
4(187 729 871 329)
4(187 389 931 729)
4(233 775 735 193)
4(310 422 964 852)
4(243 55 635 785)
4(130 672 626 46)
4(136 396 938 678)
4(135 677 938 396)
4(337 247 789 879)
4(337 879 845 303)
4(382 246 788 924)
4(260 238 780 802)
4(238 311 853 780)
4(366 908 778 236)
4(366 347 889 908)
4(275 321 863 817)
4(361 275 817 903)
4(355 318 860 897)
4(424 297 839 966)
4(248 424 966 790)
4(286 828 837 295)
4(313 380 922 855)
4(380 259 801 922)
4(379 311 853 921)
4(379 921 771 229)
4(226 419 961 768)
4(427 969 855 313)
4(427 370 912 969)
4(332 93 523 874)
4(420 138 680 962)
4(138 364 906 680)
4(420 962 906 364)
4(333 420 962 875)
4(333 875 812 270)
4(385 270 812 927)
4(268 385 927 810)
4(365 247 789 907)
4(303 845 905 363)
4(121 348 890 663)
4(118 120 662 660)
4(407 949 948 406)
4(407 423 965 949)
4(424 169 711 966)
4(411 168 710 953)
4(276 391 933 818)
4(99 309 851 641)
4(99 641 815 273)
4(385 171 713 927)
4(405 331 873 947)
4(176 405 947 718)
4(274 204 746 816)
4(204 357 899 746)
4(273 358 900 815)
4(276 818 900 358)
4(276 273 815 818)
4(420 143 685 962)
4(425 138 680 967)
4(139 425 967 681)
4(345 301 843 887)
4(345 887 945 403)
4(291 833 700 158)
4(403 158 700 945)
4(399 87 517 941)
4(399 941 731 189)
4(188 339 881 730)
4(257 799 768 226)
4(257 421 963 799)
4(186 728 725 183)
4(184 183 725 726)
4(182 36 603 724)
4(367 909 888 346)
4(191 365 907 733)
4(191 733 834 292)
4(344 886 834 292)
4(340 234 776 882)
4(266 350 892 808)
4(418 960 794 252)
4(418 196 738 960)
4(128 195 737 670)
4(195 371 913 737)
4(272 201 743 814)
4(274 816 743 201)
4(357 205 747 899)
4(396 938 759 217)
4(177 719 520 90)
4(177 89 519 719)
4(170 712 705 163)
4(170 176 718 712)
4(310 53 633 852)
4(387 354 896 929)
4(422 387 929 964)
4(120 662 752 210)
4(349 210 752 891)
4(363 179 721 905)
4(132 129 671 674)
4(49 133 675 629)
4(392 251 793 934)
4(182 724 793 251)
4(182 392 934 724)
4(37 604 832 290)
4(412 954 841 299)
4(412 140 682 954)
4(148 264 806 690)
4(410 281 823 952)
4(108 345 887 650)
4(352 894 831 289)
4(352 288 830 894)
4(382 408 950 924)
4(245 382 924 787)
4(223 191 733 765)
4(293 835 733 191)
4(293 223 765 835)
4(304 365 907 846)
4(190 732 907 365)
4(153 695 944 402)
4(278 820 944 402)
4(322 278 820 864)
4(211 753 820 278)
4(402 128 670 944)
4(393 360 902 935)
4(229 771 902 360)
4(322 208 750 864)
4(327 869 946 404)
4(327 271 813 869)
4(271 404 946 813)
4(351 893 966 424)
4(116 658 591 24)
4(116 25 592 658)
4(99 308 850 641)
4(108 650 666 124)
4(109 124 666 651)
4(249 316 858 791)
4(168 710 805 263)
4(411 263 805 953)
4(175 70 619 717)
4(174 716 703 161)
4(174 164 706 716)
4(171 713 696 154)
4(172 154 696 714)
4(100 376 918 642)
4(308 100 642 850)
4(217 395 937 759)
4(166 708 700 158)
4(352 381 923 894)
4(381 294 836 923)
4(67 156 698 622)
4(145 687 689 147)
4(241 416 958 783)
4(417 959 782 240)
4(401 280 822 943)
4(303 845 795 253)
4(303 338 880 845)
4(285 253 795 827)
4(305 285 827 847)
4(199 306 848 741)
4(243 215 757 785)
4(423 965 655 113)
4(423 239 781 965)
4(346 406 948 888)
4(366 908 693 151)
4(359 151 693 901)
4(328 277 819 870)
4(399 328 870 941)
4(313 855 668 126)
4(415 126 668 957)
4(388 355 897 930)
4(388 930 932 390)
4(413 97 527 955)
4(144 426 968 686)
4(426 102 644 968)
4(279 368 910 821)
4(122 407 949 664)
4(423 965 664 122)
4(348 890 741 199)
4(348 306 848 890)
4(236 778 742 200)
4(388 318 860 930)
4(389 193 735 931)
4(266 250 792 808)
4(116 658 654 112)
4(114 112 654 656)
4(255 797 936 394)
4(370 912 794 252)
4(362 418 960 904)
4(223 302 844 765)
4(222 764 844 302)
4(260 237 779 802)
4(312 238 780 854)
4(356 321 863 898)
4(397 426 968 939)
4(412 954 684 142)
4(414 956 825 283)
4(377 283 825 919)
4(314 427 969 856)
4(288 414 956 830)
4(162 414 956 704)
4(380 258 800 922)
4(260 324 866 802)
4(280 418 960 822)
4(363 905 880 338)
4(255 421 963 797)
4(373 240 782 915)
4(312 854 773 231)
4(342 884 829 287)
4(305 847 829 287)
4(295 336 878 837)
4(400 388 930 942)
4(358 900 933 391)
4(384 317 859 926)
4(263 284 826 805)
4(205 328 870 747)
4(282 162 704 824)
4(379 259 801 921)
4(335 397 939 877)
4(425 364 906 967)
4(389 931 872 330)
4(348 890 661 119)
4(222 764 934 392)
4(300 104 646 842)
4(157 301 843 699)
4(292 410 952 834)
4(427 969 911 369)
4(427 372 914 969)
4(225 326 868 767)
4(218 760 964 422)
4(273 815 643 101)
4(359 153 695 901)
4(256 319 861 798)
4(394 421 963 936)
4(224 392 934 766)
4(188 730 719 177)
4(333 398 940 875)
4(0 5 485 504)
4(5 6 486 485)
4(6 7 487 486)
4(7 8 488 487)
4(8 9 489 488)
4(9 10 490 489)
4(10 11 491 490)
4(11 12 492 491)
4(12 13 493 492)
4(13 14 494 493)
4(14 15 495 494)
4(15 16 496 495)
4(16 17 497 496)
4(17 18 498 497)
4(18 19 499 498)
4(19 20 500 499)
4(20 21 501 500)
4(21 22 502 501)
4(22 23 503 502)
4(23 1 505 503)
4(0 43 428 5)
4(5 428 429 6)
4(6 429 430 7)
4(7 430 431 8)
4(8 431 432 9)
4(9 432 433 10)
4(10 433 434 11)
4(11 434 435 12)
4(12 435 436 13)
4(13 436 437 14)
4(14 437 438 15)
4(15 438 439 16)
4(16 439 440 17)
4(17 440 441 18)
4(18 441 442 19)
4(19 442 443 20)
4(20 443 444 21)
4(21 444 445 22)
4(22 445 446 23)
4(23 446 61 1)
4(43 44 447 428)
4(428 447 448 429)
4(429 448 449 430)
4(430 449 450 431)
4(431 450 451 432)
4(432 451 452 433)
4(433 452 453 434)
4(434 453 454 435)
4(435 454 455 436)
4(436 455 456 437)
4(437 456 457 438)
4(438 457 458 439)
4(439 458 459 440)
4(440 459 460 441)
4(441 460 461 442)
4(442 461 462 443)
4(443 462 463 444)
4(444 463 464 445)
4(445 464 465 446)
4(446 465 62 61)
4(44 45 466 447)
4(447 466 467 448)
4(448 467 468 449)
4(449 468 469 450)
4(450 469 470 451)
4(451 470 471 452)
4(452 471 472 453)
4(453 472 473 454)
4(454 473 474 455)
4(455 474 475 456)
4(456 475 476 457)
4(457 476 477 458)
4(458 477 478 459)
4(459 478 479 460)
4(460 479 480 461)
4(461 480 481 462)
4(462 481 482 463)
4(463 482 483 464)
4(464 483 484 465)
4(465 484 63 62)
4(45 4 80 466)
4(466 80 81 467)
4(467 81 82 468)
4(468 82 83 469)
4(469 83 84 470)
4(470 84 85 471)
4(471 85 86 472)
4(472 86 87 473)
4(473 87 88 474)
4(474 88 89 475)
4(475 89 90 476)
4(476 90 91 477)
4(477 91 92 478)
4(478 92 93 479)
4(479 93 94 480)
4(480 94 95 481)
4(481 95 96 482)
4(482 96 97 483)
4(483 97 98 484)
4(484 98 79 63)
4(504 485 533 530)
4(485 486 534 533)
4(486 487 535 534)
4(487 488 536 535)
4(488 489 537 536)
4(489 490 538 537)
4(490 491 539 538)
4(491 492 540 539)
4(492 493 541 540)
4(493 494 542 541)
4(494 495 543 542)
4(495 496 544 543)
4(496 497 545 544)
4(497 498 546 545)
4(498 499 547 546)
4(499 500 548 547)
4(500 501 549 548)
4(501 502 550 549)
4(502 503 551 550)
4(503 505 506 551)
4(530 533 552 531)
4(533 534 553 552)
4(534 535 554 553)
4(535 536 555 554)
4(536 537 556 555)
4(537 538 557 556)
4(538 539 558 557)
4(539 540 559 558)
4(540 541 560 559)
4(541 542 561 560)
4(542 543 562 561)
4(543 544 563 562)
4(544 545 564 563)
4(545 546 565 564)
4(546 547 566 565)
4(547 548 567 566)
4(548 549 568 567)
4(549 550 569 568)
4(550 551 570 569)
4(551 506 507 570)
4(531 552 571 532)
4(552 553 572 571)
4(553 554 573 572)
4(554 555 574 573)
4(555 556 575 574)
4(556 557 576 575)
4(557 558 577 576)
4(558 559 578 577)
4(559 560 579 578)
4(560 561 580 579)
4(561 562 581 580)
4(562 563 582 581)
4(563 564 583 582)
4(564 565 584 583)
4(565 566 585 584)
4(566 567 586 585)
4(567 568 587 586)
4(568 569 588 587)
4(569 570 589 588)
4(570 507 508 589)
4(532 571 510 529)
4(571 572 511 510)
4(572 573 512 511)
4(573 574 513 512)
4(574 575 514 513)
4(575 576 515 514)
4(576 577 516 515)
4(577 578 517 516)
4(578 579 518 517)
4(579 580 519 518)
4(580 581 520 519)
4(581 582 521 520)
4(582 583 522 521)
4(583 584 523 522)
4(584 585 524 523)
4(585 586 525 524)
4(586 587 526 525)
4(587 588 527 526)
4(588 589 528 527)
4(589 508 509 528)
3(101 99 100)
3(3 24 60)
3(98 102 79)
3(78 103 2)
3(4 46 80)
3(104 77 76)
3(103 77 105)
3(106 97 96)
3(64 79 102)
3(109 107 108)
3(110 41 103)
3(113 111 112)
3(116 114 115)
3(117 115 114)
3(118 111 113)
3(121 119 120)
3(122 28 29)
3(74 123 124)
3(125 110 105)
3(115 60 24)
3(128 126 127)
3(130 48 129)
3(47 48 130)
3(133 131 132)
3(135 80 134)
3(135 136 81)
3(133 50 137)
3(95 138 139)
3(142 140 141)
3(138 94 143)
3(145 66 144)
3(143 94 93)
3(148 146 147)
3(150 149 30)
3(153 151 152)
3(155 154 91)
3(145 156 66)
3(159 157 158)
3(162 160 161)
3(163 155 90)
3(156 147 146)
3(72 164 165)
3(157 159 40)
3(166 39 159)
3(169 167 168)
3(172 170 171)
3(175 173 174)
3(177 176 163)
3(178 70 69)
3(181 179 180)
3(165 164 161)
3(183 35 182)
3(186 184 185)
3(189 187 188)
3(191 190 179)
3(194 192 193)
3(196 126 195)
3(84 197 85)
3(200 198 199)
3(202 201 197)
3(205 203 204)
3(207 206 56)
3(208 149 150)
3(210 207 209)
3(212 211 185)
3(215 213 214)
3(215 200 213)
3(217 216 202)
3(220 218 219)
3(82 136 221)
3(224 222 223)
3(155 163 172)
3(219 225 137)
3(228 226 227)
3(231 229 230)
3(232 33 185)
3(235 233 234)
3(189 88 87)
3(238 236 237)
3(239 28 122)
3(242 240 241)
3(54 243 214)
3(75 124 244)
3(247 245 246)
3(250 248 249)
3(144 64 102)
3(37 251 36)
3(254 252 253)
3(257 255 256)
3(260 258 259)
3(263 261 262)
3(264 262 261)
3(267 265 266)
3(270 268 269)
3(131 271 129)
3(274 272 273)
3(101 275 276)
3(203 277 85)
3(279 208 278)
3(280 212 184)
3(282 281 107)
3(284 283 174)
3(287 285 286)
3(289 281 288)
3(290 38 166)
3(293 291 292)
3(296 294 295)
3(248 266 297)
3(96 139 106)
3(147 298 299)
3(301 125 300)
3(291 293 302)
3(304 247 303)
3(254 253 305)
3(57 209 207)
3(306 206 119)
3(309 307 308)
3(52 310 218)
3(312 311 229)
3(259 313 314)
3(178 68 148)
3(317 315 316)
3(319 255 318)
3(256 320 321)
3(150 31 322)
3(324 323 258)
3(202 84 83)
3(307 325 326)
3(307 327 325)
3(51 220 137)
3(329 189 328)
3(176 330 331)
3(143 332 333)
3(335 334 141)
3(337 296 336)
3(338 253 252)
3(339 176 177)
3(233 192 340)
3(341 318 255)
3(227 342 343)
3(345 107 344)
3(158 302 290)
3(112 26 113)
3(348 346 347)
3(349 59 117)
3(239 113 27)
3(297 350 351)
3(167 294 352)
3(354 241 353)
3(206 198 243)
3(320 355 356)
3(358 357 274)
3(359 324 237)
3(242 213 200)
3(230 360 256)
3(231 321 361)
3(183 34 35)
3(363 362 280)
3(141 334 364)
3(147 299 148)
3(282 109 160)
3(123 74 73)
3(190 304 363)
3(245 365 292)
3(366 359 237)
3(346 121 118)
3(367 118 113)
3(149 368 122)
3(370 254 369)
3(371 211 212)
3(286 351 342)
3(369 226 372)
3(101 100 275)
3(374 373 312)
3(241 375 376)
3(309 273 272)
3(378 377 168)
3(164 71 175)
3(314 372 379)
3(380 127 126)
3(289 381 382)
3(283 162 161)
3(384 269 383)
3(385 235 265)
3(386 343 350)
3(233 235 331)
3(387 219 218)
3(310 54 214)
3(389 388 194)
3(391 355 390)
3(179 181 224)
3(392 181 183)
3(373 236 238)
3(323 324 153)
3(372 226 393)
3(394 340 341)
3(271 395 396)
3(134 80 46)
3(384 250 315)
3(249 248 169)
3(356 391 275)
3(390 357 358)
3(334 397 106)
3(95 94 138)
3(232 31 32)
3(278 371 128)
3(332 92 154)
3(398 171 270)
3(399 86 277)
3(205 400 329)
3(125 105 104)
3(300 244 124)
3(371 212 401)
3(127 323 402)
3(344 291 403)
3(108 301 300)
3(217 221 136)
3(216 404 272)
3(405 171 170)
3(332 154 398)
3(204 203 201)
3(203 205 277)
3(210 119 206)
3(209 58 349)
3(152 151 406)
3(368 152 407)
3(220 52 218)
3(387 353 225)
3(137 325 133)
3(131 325 327)
3(350 342 351)
3(386 266 265)
3(123 161 160)
3(164 72 71)
3(211 322 232)
3(186 33 34)
3(351 295 294)
3(336 286 285)
3(408 281 289)
3(296 246 381)
3(157 409 158)
3(245 410 408)
3(311 260 259)
3(379 372 360)
3(262 316 411)
3(284 168 377)
3(412 317 316)
3(140 299 298)
3(114 111 117)
3(112 25 26)
3(125 157 110)
3(42 2 103)
3(102 98 413)
3(145 144 397)
3(376 308 326)
3(100 375 361)
3(110 40 41)
3(409 301 403)
3(410 344 107)
3(281 282 414)
3(415 196 252)
3(415 370 313)
3(231 416 374)
3(417 242 200)
3(235 385 405)
3(193 331 330)
3(402 152 279)
3(323 127 258)
3(149 208 368)
3(29 30 149)
3(249 169 411)
3(299 316 264)
3(201 202 216)
3(404 307 309)
3(151 347 346)
3(199 347 236)
3(222 251 290)
3(38 39 166)
3(401 418 195)
3(181 180 184)
3(305 419 369)
3(246 296 337)
3(179 224 191)
3(180 363 280)
3(337 336 253)
3(338 252 362)
3(198 206 306)
3(55 56 206)
3(123 160 124)
3(165 123 73)
3(141 364 269)
3(335 140 298)
3(377 378 414)
3(173 261 174)
3(228 343 394)
3(287 227 419)
3(257 256 393)
3(319 355 320)
3(142 269 317)
3(270 269 420)
3(198 200 215)
3(417 236 373)
3(421 226 228)
3(192 194 318)
3(400 389 329)
3(390 400 357)
3(144 66 65)
3(145 397 298)
3(416 361 375)
3(354 422 213)
3(148 261 178)
3(146 68 67)
3(188 89 88)
3(330 339 187)
3(120 117 111)
3(423 406 367)
3(378 167 288)
3(294 167 424)
3(334 106 425)
3(413 106 426)
3(130 396 134)
3(132 48 49)
3(197 201 203)
3(221 202 83)
3(268 265 383)
3(386 265 234)
3(315 250 249)
3(267 250 383)
3(395 404 216)
3(129 271 396)
3(325 137 225)
3(376 326 353)
3(173 70 178)
3(174 261 284)
3(321 231 230)
3(374 416 240)
3(77 104 105)
3(244 104 76)
3(341 340 192)
3(386 340 343)
3(354 242 241)
3(214 213 422)
3(349 117 120)
3(115 59 60)
3(187 329 389)
3(233 193 192)
3(310 214 422)
3(243 54 55)
3(130 46 47)
3(135 396 136)
3(337 303 247)
3(382 381 246)
3(260 311 238)
3(366 236 347)
3(361 321 275)
3(355 319 318)
3(248 297 424)
3(286 295 351)
3(313 259 380)
3(379 229 311)
3(226 369 419)
3(427 313 370)
3(332 143 93)
3(420 364 138)
3(333 270 420)
3(268 270 385)
3(245 247 365)
3(303 363 304)
3(133 325 131)
3(51 137 50)
3(121 346 348)
3(118 121 120)
3(28 239 27)
3(407 406 423)
3(167 169 424)
3(411 169 168)
3(276 275 391)
3(99 273 309)
3(385 270 171)
3(176 331 405)
3(274 357 204)
3(276 358 273)
3(420 138 143)
3(139 138 425)
3(345 403 301)
3(291 158 403)
3(399 189 87)
3(188 187 339)
3(227 226 419)
3(257 226 421)
3(186 183 184)
3(182 35 36)
3(367 346 118)
3(407 152 406)
3(191 292 365)
3(344 292 291)
3(340 386 234)
3(266 386 350)
3(418 252 196)
3(128 371 195)
3(274 201 272)
3(400 205 357)
3(81 136 82)
3(396 217 136)
3(177 90 89)
3(170 163 176)
3(310 52 53)
3(422 354 387)
3(59 349 58)
3(120 210 349)
3(363 180 179)
3(280 184 180)
3(132 131 129)
3(50 133 49)
3(182 251 392)
3(37 290 251)
3(412 299 140)
3(148 299 264)
3(33 186 185)
3(183 186 34)
3(410 107 281)
3(108 107 345)
3(31 232 322)
3(33 232 32)
3(352 289 288)
3(245 408 382)
3(293 191 223)
3(190 365 304)
3(40 110 157)
3(103 41 42)
3(153 402 323)
3(278 402 279)
3(211 278 322)
3(402 278 128)
3(256 360 393)
3(229 360 230)
3(31 150 30)
3(322 278 208)
3(308 307 326)
3(327 404 271)
3(350 297 266)
3(351 424 297)
3(116 24 25)
3(59 115 117)
3(404 309 272)
3(99 309 308)
3(108 124 109)
3(75 74 124)
3(249 411 316)
3(168 263 411)
3(175 71 70)
3(174 161 164)
3(85 197 203)
3(84 202 197)
3(91 154 92)
3(171 154 172)
3(241 376 353)
3(308 376 100)
3(217 396 395)
3(272 201 216)
3(166 158 290)
3(40 159 39)
3(352 294 381)
3(424 351 294)
3(66 156 67)
3(145 147 156)
3(241 240 416)
3(417 240 242)
3(184 212 185)
3(401 212 280)
3(301 108 345)
3(124 108 300)
3(303 253 338)
3(305 253 285)
3(199 198 306)
3(243 198 215)
3(214 243 215)
3(55 206 243)
3(358 274 273)
3(201 274 204)
3(423 113 239)
3(346 367 406)
3(406 151 346)
3(366 151 359)
3(399 277 328)
3(85 277 86)
3(195 126 128)
3(313 126 415)
3(331 235 405)
3(265 235 234)
3(192 318 341)
3(388 390 355)
3(387 354 353)
3(242 354 213)
3(413 98 97)
3(144 102 426)
3(77 103 78)
3(110 103 105)
3(152 368 279)
3(122 368 407)
3(423 122 407)
3(29 149 122)
3(145 298 147)
3(140 335 141)
3(348 199 306)
3(236 200 199)
3(388 355 318)
3(391 356 355)
3(154 171 398)
3(405 385 171)
3(389 194 193)
3(318 194 388)
3(169 248 424)
3(266 248 250)
3(116 112 114)
3(113 26 27)
3(340 394 343)
3(255 394 341)
3(370 252 254)
3(362 252 418)
3(222 302 223)
3(158 291 302)
3(260 238 237)
3(312 373 238)
3(256 321 230)
3(356 275 321)
3(64 144 65)
3(397 144 426)
3(269 142 141)
3(412 142 317)
3(174 283 161)
3(414 283 377)
3(158 166 159)
3(38 290 37)
3(100 361 275)
3(416 231 361)
3(314 313 427)
3(126 313 380)
3(281 414 288)
3(283 414 162)
3(68 178 69)
3(261 148 264)
3(259 258 380)
3(260 237 324)
3(396 130 129)
3(46 130 134)
3(299 412 316)
3(142 412 140)
3(167 378 168)
3(414 378 288)
3(280 362 418)
3(363 338 362)
3(265 268 385)
3(269 268 383)
3(404 327 307)
3(271 131 327)
3(226 257 393)
3(255 257 421)
3(373 374 240)
3(312 231 374)
3(342 287 286)
3(305 287 419)
3(236 366 237)
3(151 366 347)
3(337 247 246)
3(304 365 247)
3(173 175 70)
3(174 164 175)
3(286 336 295)
3(253 336 285)
3(400 390 388)
3(358 391 390)
3(316 315 249)
3(384 315 317)
3(168 284 263)
3(283 284 377)
3(189 329 187)
3(205 329 328)
3(202 221 217)
3(83 82 221)
3(277 205 328)
3(204 357 205)
3(282 160 162)
3(124 160 109)
3(379 311 259)
3(238 311 312)
3(284 261 263)
3(178 261 173)
3(106 397 426)
3(298 397 335)
3(138 364 425)
3(269 364 420)
3(179 190 363)
3(365 190 191)
3(339 330 176)
3(389 330 187)
3(120 119 210)
3(348 119 121)
3(222 392 251)
3(191 224 223)
3(300 125 104)
3(157 125 301)
3(292 344 410)
3(403 345 344)
3(364 334 425)
3(397 334 335)
3(360 372 393)
3(427 369 372)
3(343 342 350)
3(287 342 227)
3(225 353 326)
3(218 422 387)
3(358 276 391)
3(273 101 276)
3(360 229 379)
3(231 312 229)
3(236 417 200)
3(240 417 373)
3(72 165 73)
3(161 123 165)
3(57 207 56)
3(210 206 207)
3(151 153 359)
3(402 153 152)
3(404 395 271)
3(216 217 395)
3(418 401 280)
3(195 371 401)
3(287 305 285)
3(369 254 305)
3(250 384 383)
3(317 269 384)
3(376 375 100)
3(241 416 375)
3(368 208 279)
3(150 322 208)
3(387 225 219)
3(326 325 225)
3(158 409 403)
3(157 301 409)
3(256 255 319)
3(394 255 421)
3(100 99 308)
3(273 99 101)
3(289 352 381)
3(288 167 352)
3(48 132 129)
3(49 133 132)
3(183 181 184)
3(224 181 392)
3(106 139 425)
3(96 95 139)
3(234 233 340)
3(193 233 331)
3(251 182 36)
3(392 183 182)
3(24 116 115)
3(112 116 25)
3(112 111 114)
3(118 120 111)
3(427 370 369)
3(252 370 415)
3(185 211 232)
3(278 211 371)
3(68 146 148)
3(67 156 146)
3(388 389 400)
3(330 389 193)
3(191 293 292)
3(302 293 223)
3(104 244 300)
3(76 75 244)
3(80 135 81)
3(396 135 134)
3(294 296 381)
3(336 296 295)
3(90 177 163)
3(188 177 89)
3(281 408 410)
3(289 382 408)
3(253 303 337)
3(363 303 338)
3(372 314 427)
3(379 259 314)
3(92 332 93)
3(333 332 398)
3(143 333 420)
3(398 270 333)
3(102 413 426)
3(97 106 413)
3(258 127 380)
3(402 128 127)
3(250 267 266)
3(383 265 267)
3(302 222 290)
3(392 222 224)
3(126 196 415)
3(195 418 196)
3(58 209 57)
3(349 210 209)
3(218 310 422)
3(54 310 53)
3(86 399 87)
3(328 189 399)
3(137 220 219)
3(52 220 51)
3(177 188 339)
3(88 189 188)
3(410 245 292)
3(246 245 382)
3(163 170 172)
3(176 405 170)
3(199 348 347)
3(119 348 306)
3(343 228 227)
3(394 421 228)
3(154 155 172)
3(90 155 91)
3(321 320 356)
3(256 319 320)
3(109 282 107)
3(414 282 162)
3(316 262 264)
3(411 263 262)
3(113 423 367)
3(122 423 239)
3(153 324 359)
3(258 260 324)
3(643 642 641)
3(590 640 591)
3(528 509 644)
3(611 610 645)
3(529 510 626)
3(646 613 612)
3(645 647 612)
3(648 526 527)
3(625 644 509)
3(651 650 649)
3(652 645 608)
3(655 654 653)
3(658 657 656)
3(659 656 657)
3(660 655 653)
3(663 662 661)
3(664 596 595)
3(615 666 665)
3(667 647 652)
3(657 591 640)
3(670 669 668)
3(672 671 628)
3(627 672 628)
3(675 674 673)
3(677 676 510)
3(677 511 678)
3(675 679 630)
3(525 681 680)
3(684 683 682)
3(680 685 524)
3(687 686 623)
3(685 523 524)
3(690 689 688)
3(692 597 691)
3(695 694 693)
3(697 521 696)
3(687 623 698)
3(701 700 699)
3(704 703 702)
3(705 520 697)
3(698 688 689)
3(617 707 706)
3(699 607 701)
3(708 701 606)
3(711 710 709)
3(714 713 712)
3(717 716 715)
3(719 705 718)
3(720 620 619)
3(723 722 721)
3(707 703 706)
3(725 724 602)
3(728 727 726)
3(731 730 729)
3(733 721 732)
3(736 735 734)
3(738 737 668)
3(514 515 739)
3(742 741 740)
3(744 739 743)
3(747 746 745)
3(749 636 748)
3(750 692 691)
3(752 751 749)
3(754 727 753)
3(757 756 755)
3(757 755 742)
3(759 744 758)
3(762 761 760)
3(512 763 678)
3(766 765 764)
3(697 714 705)
3(761 679 767)
3(770 769 768)
3(773 772 771)
3(774 727 600)
3(777 776 775)
3(731 517 518)
3(780 779 778)
3(781 664 595)
3(784 783 782)
3(634 756 785)
3(614 786 666)
3(789 788 787)
3(792 791 790)
3(686 644 625)
3(604 603 793)
3(796 795 794)
3(799 798 797)
3(802 801 800)
3(805 804 803)
3(806 803 804)
3(809 808 807)
3(812 811 810)
3(673 671 813)
3(816 815 814)
3(643 818 817)
3(745 515 819)
3(821 820 750)
3(822 726 754)
3(824 649 823)
3(826 716 825)
3(829 828 827)
3(831 830 823)
3(832 708 605)
3(835 834 833)
3(838 837 836)
3(790 839 808)
3(526 648 681)
3(689 841 840)
3(843 842 667)
3(833 844 835)
3(846 845 789)
3(796 847 795)
3(637 749 751)
3(848 661 748)
3(851 850 849)
3(632 760 852)
3(854 771 853)
3(801 856 855)
3(720 690 621)
3(859 858 857)
3(861 860 797)
3(798 863 862)
3(692 864 598)
3(866 800 865)
3(744 513 514)
3(849 868 867)
3(849 867 869)
3(631 679 762)
3(871 870 731)
3(718 873 872)
3(685 875 874)
3(877 683 876)
3(879 878 838)
3(880 794 795)
3(881 719 718)
3(775 882 734)
3(883 797 860)
3(769 885 884)
3(887 886 649)
3(700 832 844)
3(654 655 593)
3(890 889 888)
3(891 659 639)
3(781 594 655)
3(839 893 892)
3(709 894 836)
3(896 895 783)
3(748 785 740)
3(862 898 897)
3(900 816 899)
3(901 779 866)
3(784 742 755)
3(772 798 902)
3(773 903 863)
3(725 602 601)
3(905 822 904)
3(683 906 876)
3(689 690 841)
3(824 702 651)
3(665 616 615)
3(732 905 846)
3(787 834 907)
3(908 779 901)
3(888 660 663)
3(909 655 660)
3(691 664 910)
3(912 911 796)
3(913 754 753)
3(828 884 893)
3(911 914 768)
3(643 817 642)
3(916 854 915)
3(783 918 917)
3(851 814 815)
3(920 710 919)
3(706 717 618)
3(856 921 914)
3(922 668 669)
3(831 924 923)
3(825 703 704)
3(926 925 811)
3(927 807 777)
3(928 892 885)
3(775 873 777)
3(929 760 761)
3(852 756 634)
3(931 736 930)
3(933 932 897)
3(721 766 723)
3(934 725 723)
3(915 780 778)
3(865 695 866)
3(914 935 768)
3(936 883 882)
3(813 938 937)
3(676 626 510)
3(926 857 792)
3(791 711 790)
3(898 817 933)
3(932 900 899)
3(876 648 939)
3(525 680 524)
3(774 599 598)
3(820 670 913)
3(874 696 522)
3(940 812 713)
3(941 819 516)
3(747 871 942)
3(667 646 647)
3(842 666 786)
3(913 943 754)
3(669 944 865)
3(886 945 833)
3(650 842 843)
3(759 678 763)
3(758 814 946)
3(947 712 713)
3(874 940 696)
3(746 743 745)
3(745 819 747)
3(752 748 661)
3(751 891 638)
3(694 948 693)
3(910 949 694)
3(762 760 632)
3(929 767 895)
3(679 675 867)
3(673 869 867)
3(892 893 884)
3(928 807 808)
3(665 702 703)
3(706 618 617)
3(753 774 864)
3(728 601 600)
3(893 836 837)
3(878 827 828)
3(950 831 823)
3(838 923 788)
3(699 700 951)
3(787 950 952)
3(853 801 802)
3(921 902 914)
3(804 953 858)
3(826 919 710)
3(954 858 859)
3(682 840 841)
3(656 659 653)
3(654 593 592)
3(667 652 699)
3(609 645 610)
3(644 955 528)
3(687 939 686)
3(918 868 850)
3(642 903 917)
3(652 608 607)
3(951 945 843)
3(952 649 886)
3(823 956 824)
3(957 794 738)
3(957 855 912)
3(773 916 958)
3(959 742 784)
3(777 947 927)
3(735 872 873)
3(944 821 694)
3(865 800 669)
3(691 910 750)
3(596 691 597)
3(791 953 711)
3(841 806 858)
3(743 758 744)
3(946 851 849)
3(693 888 889)
3(741 778 889)
3(764 832 793)
3(605 708 606)
3(943 737 960)
3(723 726 722)
3(847 911 961)
3(788 879 838)
3(721 733 766)
3(722 822 905)
3(879 795 878)
3(880 904 794)
3(740 848 748)
3(635 748 636)
3(665 666 702)
3(707 616 665)
3(683 811 906)
3(877 840 682)
3(919 956 920)
3(715 716 803)
3(770 936 885)
3(829 961 769)
3(799 935 798)
3(861 862 897)
3(684 859 811)
3(812 962 811)
3(740 757 742)
3(959 915 778)
3(963 770 768)
3(734 860 736)
3(942 871 931)
3(932 899 942)
3(686 624 623)
3(687 840 939)
3(958 917 903)
3(896 755 964)
3(690 720 803)
3(688 622 621)
3(730 518 519)
3(872 729 881)
3(662 653 659)
3(965 909 948)
3(920 830 709)
3(836 966 709)
3(876 967 648)
3(955 968 648)
3(672 676 938)
3(674 629 628)
3(739 745 743)
3(763 513 744)
3(810 925 807)
3(928 776 807)
3(857 791 792)
3(809 925 792)
3(937 758 946)
3(671 938 813)
3(867 767 679)
3(918 895 868)
3(715 720 619)
3(716 826 803)
3(863 772 773)
3(916 782 958)
3(612 647 646)
3(786 613 646)
3(883 734 882)
3(928 885 882)
3(896 783 784)
3(756 964 755)
3(891 662 659)
3(657 640 639)
3(729 931 871)
3(775 734 735)
3(852 964 756)
3(785 635 634)
3(672 627 626)
3(677 678 938)
3(879 789 845)
3(924 788 923)
3(802 780 853)
3(908 889 778)
3(903 817 863)
3(897 860 861)
3(790 966 839)
3(828 893 837)
3(855 922 801)
3(921 853 771)
3(768 961 911)
3(969 912 855)
3(874 523 685)
3(962 680 906)
3(875 962 812)
3(810 927 812)
3(787 907 789)
3(845 846 905)
3(675 673 867)
3(631 630 679)
3(663 890 888)
3(660 662 663)
3(595 594 781)
3(949 965 948)
3(709 966 711)
3(953 710 711)
3(818 933 817)
3(641 851 815)
3(927 713 812)
3(718 947 873)
3(816 746 899)
3(818 815 900)
3(962 685 680)
3(681 967 680)
3(887 843 945)
3(833 945 700)
3(941 517 731)
3(730 881 729)
3(769 961 768)
3(799 963 768)
3(728 726 725)
3(724 603 602)
3(909 660 888)
3(949 948 694)
3(733 907 834)
3(886 833 834)
3(882 776 928)
3(808 892 928)
3(960 738 794)
3(670 737 913)
3(816 814 743)
3(942 899 747)
3(511 512 678)
3(938 678 759)
3(719 519 520)
3(712 718 705)
3(852 633 632)
3(964 929 896)
3(639 638 891)
3(662 891 752)
3(905 721 722)
3(822 722 726)
3(674 671 673)
3(630 629 675)
3(724 934 793)
3(604 793 832)
3(954 682 841)
3(690 806 841)
3(600 727 728)
3(725 601 728)
3(952 823 649)
3(650 887 649)
3(598 864 774)
3(600 599 774)
3(894 830 831)
3(787 924 950)
3(835 765 733)
3(732 846 907)
3(607 699 652)
3(645 609 608)
3(695 865 944)
3(820 821 944)
3(753 864 820)
3(944 670 820)
3(798 935 902)
3(771 772 902)
3(598 597 692)
3(864 750 820)
3(850 868 849)
3(869 813 946)
3(892 808 839)
3(893 839 966)
3(658 592 591)
3(639 659 657)
3(946 814 851)
3(641 850 851)
3(650 651 666)
3(614 666 615)
3(791 858 953)
3(710 953 805)
3(717 619 618)
3(716 706 703)
3(515 745 739)
3(514 739 744)
3(521 522 696)
3(713 714 696)
3(783 895 918)
3(850 642 918)
3(759 937 938)
3(814 758 743)
3(708 832 700)
3(607 606 701)
3(894 923 836)
3(966 836 893)
3(623 622 698)
3(687 698 689)
3(783 958 782)
3(959 784 782)
3(726 727 754)
3(943 822 754)
3(843 887 650)
3(666 842 650)
3(845 880 795)
3(847 827 795)
3(741 848 740)
3(785 757 740)
3(756 757 785)
3(635 785 748)
3(900 815 816)
3(743 746 816)
3(965 781 655)
3(888 948 909)
3(948 888 693)
3(908 901 693)
3(941 870 819)
3(515 516 819)
3(737 670 668)
3(855 957 668)
3(873 947 777)
3(807 776 777)
3(734 883 860)
3(930 897 932)
3(929 895 896)
3(784 755 896)
3(955 527 528)
3(686 968 644)
3(612 611 645)
3(652 647 645)
3(694 821 910)
3(664 949 910)
3(965 949 664)
3(596 664 691)
3(687 689 840)
3(682 683 877)
3(890 848 741)
3(778 741 742)
3(930 860 897)
3(933 897 898)
3(696 940 713)
3(947 713 927)
3(931 735 736)
3(860 930 736)
3(711 966 790)
3(808 792 790)
3(658 656 654)
3(655 594 593)
3(882 885 936)
3(797 883 936)
3(912 796 794)
3(904 960 794)
3(764 765 844)
3(700 844 833)
3(802 779 780)
3(854 780 915)
3(798 772 863)
3(898 863 817)
3(625 624 686)
3(939 968 686)
3(811 683 684)
3(954 859 684)
3(716 703 825)
3(956 919 825)
3(700 701 708)
3(605 604 832)
3(642 817 903)
3(958 903 773)
3(856 969 855)
3(668 922 855)
3(823 830 956)
3(825 704 956)
3(621 620 720)
3(803 806 690)
3(801 922 800)
3(802 866 779)
3(938 671 672)
3(626 676 672)
3(841 858 954)
3(684 682 954)
3(709 710 920)
3(956 830 920)
3(822 960 904)
3(905 904 880)
3(807 927 810)
3(811 925 810)
3(946 849 869)
3(813 869 673)
3(768 935 799)
3(797 963 799)
3(915 782 916)
3(854 916 773)
3(884 828 829)
3(847 961 829)
3(778 779 908)
3(693 889 908)
3(879 788 789)
3(846 789 907)
3(715 619 717)
3(716 717 706)
3(828 837 878)
3(795 827 878)
3(942 930 932)
3(900 932 933)
3(858 791 857)
3(926 859 857)
3(710 805 826)
3(825 919 826)
3(731 729 871)
3(747 870 871)
3(744 759 763)
3(513 763 512)
3(819 870 747)
3(746 747 899)
3(824 704 702)
3(666 651 702)
3(921 801 853)
3(780 854 853)
3(826 805 803)
3(720 715 803)
3(648 968 939)
3(840 877 939)
3(680 967 906)
3(811 962 906)
3(721 905 732)
3(907 733 732)
3(881 718 872)
3(931 729 872)
3(662 752 661)
3(890 663 661)
3(764 793 934)
3(733 765 766)
3(842 646 667)
3(699 843 667)
3(834 952 886)
3(945 886 887)
3(906 967 876)
3(939 877 876)
3(902 935 914)
3(969 914 911)
3(885 892 884)
3(829 769 884)
3(767 868 895)
3(760 929 964)
3(900 933 818)
3(815 818 643)
3(902 921 771)
3(773 771 854)
3(778 742 959)
3(782 915 959)
3(617 616 707)
3(703 707 665)
3(637 636 749)
3(752 749 748)
3(693 901 695)
3(944 694 695)
3(946 813 937)
3(758 937 759)
3(960 822 943)
3(737 943 913)
3(829 827 847)
3(911 847 796)
3(792 925 926)
3(859 926 811)
3(918 642 917)
3(783 917 958)
3(910 821 750)
3(692 750 864)
3(929 761 767)
3(868 767 867)
3(700 945 951)
3(699 951 843)
3(798 861 797)
3(936 963 797)
3(642 850 641)
3(815 643 641)
3(831 923 894)
3(830 894 709)
3(628 671 674)
3(629 674 675)
3(725 726 723)
3(766 934 723)
3(648 967 681)
3(526 681 525)
3(776 882 775)
3(735 873 775)
3(793 603 724)
3(934 724 725)
3(591 657 658)
3(654 592 658)
3(654 656 653)
3(660 653 662)
3(969 911 912)
3(794 957 912)
3(727 774 753)
3(820 913 753)
3(621 690 688)
3(622 688 698)
3(930 942 931)
3(872 735 931)
3(733 834 835)
3(844 765 835)
3(646 842 786)
3(613 786 614)
3(510 511 677)
3(938 676 677)
3(836 923 838)
3(878 837 838)
3(520 705 719)
3(730 519 719)
3(823 952 950)
3(831 950 924)
3(795 879 845)
3(905 880 845)
3(914 969 856)
3(921 856 801)
3(522 523 874)
3(875 940 874)
3(685 962 875)
3(940 875 812)
3(644 968 955)
3(527 955 648)
3(800 922 669)
3(944 669 670)
3(792 808 809)
3(925 809 807)
3(844 832 764)
3(934 766 764)
3(668 957 738)
3(737 738 960)
3(638 637 751)
3(891 751 752)
3(760 964 852)
3(634 633 852)
3(516 517 941)
3(870 941 731)
3(679 761 762)
3(632 631 762)
3(719 881 730)
3(518 730 731)
3(952 834 787)
3(788 924 787)
3(705 714 712)
3(718 712 947)
3(741 889 890)
3(661 848 890)
3(885 769 770)
3(936 770 963)
3(696 714 697)
3(520 521 697)
3(863 898 862)
3(798 862 861)
3(651 649 824)
3(956 704 824)
3(858 806 804)
3(953 804 805)
3(655 909 965)
3(664 781 965)
3(695 901 866)
3(800 866 802)
4(45 532 529 4)
4(44 531 532 45)
4(43 530 531 44)
4(0 504 530 43)
4(3 60 640 590)
4(60 59 639 640)
4(59 58 638 639)
4(58 57 637 638)
4(57 56 636 637)
4(55 635 636 56)
4(55 54 634 635)
4(54 53 633 634)
4(53 52 632 633)
4(52 51 631 632)
4(51 50 630 631)
4(50 49 629 630)
4(49 48 628 629)
4(47 627 628 48)
4(47 46 626 627)
4(4 529 626 46)
4(1 61 506 505)
4(61 62 507 506)
4(62 63 508 507)
4(63 79 509 508)
4(64 625 509 79)
4(64 65 624 625)
4(65 66 623 624)
4(66 67 622 623)
4(67 68 621 622)
4(68 69 620 621)
4(69 70 619 620)
4(70 71 618 619)
4(71 72 617 618)
4(72 73 616 617)
4(73 74 615 616)
4(75 614 615 74)
4(76 613 614 75)
4(76 77 612 613)
4(77 78 611 612)
4(78 2 610 611)
4(42 609 610 2)
4(42 41 608 609)
4(41 40 607 608)
4(40 39 606 607)
4(38 605 606 39)
4(38 37 604 605)
4(37 36 603 604)
4(36 35 602 603)
4(35 34 601 602)
4(34 33 600 601)
4(33 32 599 600)
4(32 31 598 599)
4(31 30 597 598)
4(29 596 597 30)
4(29 28 595 596)
4(28 27 594 595)
4(27 26 593 594)
4(26 25 592 593)
4(25 24 591 592)
4(3 590 591 24)
)

// ************************************************************************* //
