FoamFile
{
    version     2.0;
    format      ascii;
    location    "constant/polyMesh";
    class       labelList;
    object      neighbour;
}

// * * * * * * * * * * * * * * * * * * * * * * * * * * * * * * * * * * * * * //

1212
(
   1   20    2   21    3   22    4   23    5   24
   6   25    7   26    8   27    9   28   10   29
  11   30   12   31   13   32   14   33   15   34
  16   35   17   36   18   37   19   38   39   21
  40   22   41   23   42   24   43   25   44   26
  45   27   46   28   47   29   48   30   49   31
  50   32   51   33   52   34   53   35   54   36
  55   37   56   38   57   39   58   59   41   60
  42   61   43   62   44   63   45   64   46   65
  47   66   48   67   49   68   50   69   51   70
  52   71   53   72   54   73   55   74   56   75
  57   76   58   77   59   78   79   61   84   62
 752   63  482   64  659   65  206   66  137   67
 565   68  782   69  157   70  392   71  484   72
 797   73  534   74  764   75  111   76  283   77
 731   78   87   79  574   82  252  722  723   99
  88  332  331  576  277  416  417  416  576  577
 188  769  165  501  526  800  336  509  577   94
 222  738   93  594  736  328  523  246  739  451
 676  677  159  581  241  368  527  290  330  577
 423  736  259  566  771  102  624  726  428  448
 492  727  277  752  753  429  482  752  308  449
 493  283  463  731  583  608  627  111  283  462
 116  333  386  442  120  239  744  142  349  516
 304  702  703  534  796  797  544  545  122  320
 612  261  312  662  151  756  797  545  745  130
 313  698  508  541  357  541  612  454  455  628
 298  535  790  373  646  647  216  485  756  412
 620  270  359  490  531  699  236  471  735  470
 498  548  467  656  787  362  672  673  383  425
 590  566  776  777  532  533  380  554  585  352
 402  533  300  301  661  367  700  701  348  715
 194  701  779  249  548  742  146  421  556  233
 380  352  658  705  266  306  784  296  482  659
 600  679  775  790  796  410  716  784  382  468
 794  414  515  695  498  503  742  265  569  732
 466  787  272  602  642  452  805  420  546  547
 267  427  556  291  527  751  446  644  789  279
 406  593  575  606  495  734  193  215  598  376
 637  720  322  622  807  171  666  803  621  802
 311  772  773  379  445  633  409  492  635  255
 480  558  252  456  693  301  532  565  511  517
 714  491  548  549  339  500  800  413  610  655
 317  640  708  318  504  618  357  540  613  191
 475  748  316  754  755  436  520  593  730  731
 239  327  582  295  680  681  601  749  430  447
 645  553  709  700  778  302  366  793  353  518
 525  306  486  780  439  665  695  438  616  763
 390  620  744  326  652  653  218  435  720  604
 798  799  502  516  715  273  347  807  403  533
 208  518  717  309  634  449  784  785  656  657
 783  345  459  674  442  765  766  238  583  685
 361  364  755  365  552  674  786  418  425  732
 570  597  688  689  794  338  501  683  540  601
 774  329  595  354  450  792  422  488  523  452
 560  595  310  520  521  397  542  725  420  536
 572  366  555  557  377  587  798  281  460  558
 244  623  806  343  573  514  515  604  414  434
 615  499  363  630  631  370  684  497  662  663
 800  369  447  507  672  446  474  788  563  642
 450  451  472  472  804  348  579  581  598  709
 740  292  743  310  437  640  274  440  687  614
 603  638  639  536  712  713  457  524  325  372
 628  313  530  647  323  762  763  617  770  431
 724  759  610  619  633  710  711  344  569  632
 419  477  688  568  733  691  716  426  781  590
 591  746  571  587  651  362  729  728  729  735
 381  603  510  806  636  686  418  596  597  409
 538  704  625  406  653  710  350  592  456  587
 605  385  651  398  668  685  502  503  479  513
 743  299  534  764  458  588  767  564  565  782
 384  481  657  416  680  551  750  549  707  347
 510  771  465  475  683  550  551  483  658  408
 524  539  589  791  588  765  402  559  660  676
 701  488  778  779  473  562  473  578  579  785
 572  690  716  410  448  448  635  688  405  477
 368  699  502  512  742  498  499  437  543  648
 649  758  759  361  431  754  718  719  505  758
 788  432  664  686  694  528  802  803  654  655
 609  626  371  496  394  738  737  508  681  509
 574  768  387  607  411  518  537  388  614  712
 508  464  718  719  500  682  618  801  478  741
 776  441  567  741  415  615  639  547  696  568
 589  733  747  511  578  703  770  714  581  455
 528  497  626  802  539  524  634  562  643  433
 585  792  495  678  774  706  707  777  491  728
 440  641  709  644  679  490  491  649  760  599
 631  554  557  663  698  699  608  671  583  669
 611  629  413  667  596  794  795  468  641  689
 514  636  435  799  608  609  711  444  671  555
 696  697  469  795  570  591  424  746  481  650
 606  582  669  615  713  421  487  573  621  667
 744  745  757  787  467  674  675  422  739  453
 561  804  628  629  725  454  543  684  730  668
 768  769  624  625  753  726  727  532  658  659
 632  633  773  476  569  652  710  772  773  704
 705  624  717  536  690  646  667  666  604  546
 638  750  751  570  476  596  573  426  489  523
 656  675  733  780  557  625  483  753  644  760
 789  602  665  642  643  605  614  586  521  592
 648  617  622  664  694  468  616  740  764  462
 670  671  766  767  458  632  645  761  677  739
 473  580  592  529  692  525  723  589  568  791
 559  661  558  692  693  766  670  730  550  683
 601  718  782  783  786  636  637  499  728  734
 561  673  748  682  732  520  599  777  566  707
 539  559  661  538  756  757  790  791  781  572
 691  676  779  672  726  727  678  734  735  613
 626  627  621  758  550  724  725  759  789  679
 748  749  645  673  703  513  517  743  771  686
 694  715  634  635  704  543  736  737  722  551
 663  652  654  803  646  610  647  588  796  712
 722  705  612  724  754  745  582  713  697  706
 760  761  649  708  584  556  804  805  562  643
 702  660  783  617  776  586  650  769  607  768
 714  580  805  792  793  696  591  747  772  737
 738  721  741  630  749  774  623  665  798  668
 627  619  655  762  629  801  770  807  706  761
 721  697  695  689  708  755  746  692  711  666
 660  801  763  685  684  747  793  775  750  719
 788  740  762  717  780  723  806  799  795  775
 786  767
)

// ************************************************************************* //
