/*--------------------------------*- C++ -*----------------------------------*\
| =========                 |                                                 |
| \\      /  F ield         | OpenFOAM: The Open Source CFD Toolbox           |
|  \\    /   O peration     | Version:  2.4.x                                 |
|   \\  /    A nd           | Web:      www.OpenFOAM.org                      |
|    \\/     M anipulation  |                                                 |
\*---------------------------------------------------------------------------*/
FoamFile
{
    version     2.0;
    format      ascii;
    class       vectorField;
    location    "constant/polyMesh";
    object      points;
}
// * * * * * * * * * * * * * * * * * * * * * * * * * * * * * * * * * * * * * //


970
(
(0 0 0)
(10 0 0)
(10 10 0)
(0 10 0)
(0 2 0)
(0.5 0 0)
(1 0 0)
(1.5 0 0)
(2 0 0)
(2.5 0 0)
(3 0 0)
(3.5 0 0)
(4 0 0)
(4.5 0 0)
(5 0 0)
(5.5 0 0)
(6 0 0)
(6.5 0 0)
(7 0 0)
(7.5 0 0)
(8 0 0)
(8.5 0 0)
(9 0 0)
(9.5 0 0)
(0.5 10 0)
(1 10 0)
(1.5 10 0)
(2 10 0)
(2.5 10 0)
(3 10 0)
(3.5 10 0)
(4 10 0)
(4.5 10 0)
(5 10 0)
(5.5 10 0)
(6 10 0)
(6.5 10 0)
(7 10 0)
(7.5 10 0)
(8 10 0)
(8.5 10 0)
(9 10 0)
(9.5 10 0)
(0 0.5 0)
(0 1 0)
(0 1.5 0)
(0 2.5 0)
(0 3 0)
(0 3.5 0)
(0 4 0)
(0 4.5 0)
(0 5 0)
(0 5.5 0)
(0 6 0)
(0 6.5 0)
(0 7 0)
(0 7.5 0)
(0 8 0)
(0 8.5 0)
(0 9 0)
(0 9.5 0)
(10 0.5 0)
(10 1 0)
(10 1.5 0)
(10 2.5 0)
(10 3 0)
(10 3.5 0)
(10 4 0)
(10 4.5 0)
(10 5 0)
(10 5.5 0)
(10 6 0)
(10 6.5 0)
(10 7 0)
(10 7.5 0)
(10 8 0)
(10 8.5 0)
(10 9 0)
(10 9.5 0)
(10 2 0)
(0.5 2 0)
(1 2 0)
(1.5 2 0)
(2 2 0)
(2.5 2 0)
(3 2 0)
(3.5 2 0)
(4 2 0)
(4.5 2 0)
(5 2 0)
(5.5 2 0)
(6 2 0)
(6.5 2 0)
(7 2 0)
(7.5 2 0)
(8 2 0)
(8.5 2 0)
(9 2 0)
(9.5 2 0)
(2.332653501 4.497547635 0)
(2.403924509 4.982913163 0)
(2.710794071 4.612635466 0)
(9.570733283 2.429266717 0)
(9.561742956 9.57899856 0)
(9.518634804 8.731640326 0)
(9.362904576 9.189285662 0)
(8.722286666 2.533377089 0)
(8.403439721 7.659948177 0)
(8.879452609 8.031370664 0)
(8.907698306 7.568484094 0)
(8.946131112 9.519508964 0)
(1.217484371 9.042619931 0)
(1.334908225 9.577152427 0)
(1.774997423 9.318509953 0)
(0.9575687183 9.324516729 0)
(0.5085668162 9.451185187 0)
(0.8687454766 9.637939458 0)
(0.6461723717 8.971912643 0)
(1.559304384 8.775235565 0)
(1.108731146 7.979347683 0)
(1.022919989 8.554964339 0)
(1.448737151 8.252900433 0)
(2.780942042 9.489697716 0)
(9.520190409 7.127333442 0)
(9.460229551 7.707326705 0)
(9.06859917 8.916701888 0)
(4.262127549 7.775211061 0)
(3.793665924 7.886748178 0)
(4.103598597 8.21463401 0)
(0.5844020389 3.384729722 0)
(0.3967690713 2.96927999 0)
(0.8303258109 3.862472409 0)
(0.3452927458 3.741843455 0)
(0.4521472508 4.154529992 0)
(0.5648134582 2.564813458 0)
(0.8846738396 2.367765476 0)
(1.267519999 2.463556838 0)
(0.5071435295 4.703718502 0)
(7.775065452 2.470363658 0)
(8.25 2.330742929 0)
(8.431969874 3.861915408 0)
(8.125980807 3.417487338 0)
(8.008017816 3.85235298 0)
(7.271622747 2.502172218 0)
(9.585505405 3.003229986 0)
(9.368179476 3.473188416 0)
(9.641270841 4.226230514 0)
(9.211580494 4.013264066 0)
(9.340820057 4.57306005 0)
(3.30250423 9.47534817 0)
(3.745893257 9.563625246 0)
(2.39493682 8.075350395 0)
(2.933219287 8.486338177 0)
(2.972506521 8.049768315 0)
(6.378233526 2.457170887 0)
(5.892193413 2.358788125 0)
(9.598443492 3.821422612 0)
(8.482129408 9.279476032 0)
(7.853931778 9.077003456 0)
(8.064715634 9.564148738 0)
(9.035973769 7.170438983 0)
(9.269782031 6.581364448 0)
(8.784730993 6.819133522 0)
(5.592495648 2.533533917 0)
(9.591168551 6.172138283 0)
(9.662637393 6.73927936 0)
(7.67992011 9.608611435 0)
(7.573633906 6.096452928 0)
(8.128842691 5.756736437 0)
(7.589419512 5.536013627 0)
(5.790223341 2.920204861 0)
(6.315778531 3.046876377 0)
(6.008792513 2.693920591 0)
(9.432568154 5.405557142 0)
(9.160053958 5.870239335 0)
(9.608918064 5.748410765 0)
(5.378572212 2.964369245 0)
(5.19463803 2.384220682 0)
(9.606275237 4.98683649 0)
(6.29818694 8.54904675 0)
(5.847136285 8.673822784 0)
(6.059878879 9.020110637 0)
(6.318641193 9.635227819 0)
(5.924822209 9.499215927 0)
(5.553195386 9.089758753 0)
(4.958690345 9.327596457 0)
(5.350687411 9.542175635 0)
(4.571659883 2.908659254 0)
(4.7134328 2.387681257 0)
(4.274062074 2.497304454 0)
(6.36693897 8.116090471 0)
(6.773439405 8.321345076 0)
(4.947663398 4.134453743 0)
(4.952380056 3.638991881 0)
(4.587463127 3.876423623 0)
(4.590000013 8.13868005 0)
(4.704663547 7.779497903 0)
(2.683045262 2.448863936 0)
(1.057295059 7.172492128 0)
(1.590141214 7.339504827 0)
(1.51802565 6.839071339 0)
(2.550709661 3.054924597 0)
(2.211147906 2.559757068 0)
(3.093615883 2.682837746 0)
(3.05856006 3.207897907 0)
(3.536150026 3.038601116 0)
(0.6143604173 7.437501497 0)
(0.3427567462 7.778942563 0)
(3.698109483 9.123894211 0)
(0.3380335796 8.143280836 0)
(0.6719939508 8.03006891 0)
(4.541545587 9.090395933 0)
(5.047598481 8.849120036 0)
(1.202246005 6.282706011 0)
(0.5774440763 6.366942247 0)
(0.9148769737 6.718998527 0)
(2.05160619 3.179621314 0)
(1.679366795 2.83383783 0)
(0.497521573 5.537018323 0)
(0.6935635241 5.12973025 0)
(0.3436887359 5.180622061 0)
(1.75 2.382433222 0)
(6.896904376 9.164066464 0)
(6.97991106 8.746327888 0)
(6.591365354 8.88372876 0)
(1.007599319 4.923573351 0)
(4.866330147 5.816383184 0)
(5.422512895 5.681972682 0)
(5.192987358 5.343835145 0)
(3.355192102 6.194144241 0)
(3.537232824 5.769899977 0)
(2.991141482 5.881630402 0)
(4.510639634 9.567594283 0)
(5.413868248 4.015914782 0)
(5.84849813 4.202972583 0)
(5.948258994 3.777671872 0)
(2.074653169 7.123472478 0)
(2.646573366 7.304652083 0)
(2.731554933 6.836893732 0)
(2.281144433 9.548962992 0)
(2.193146114 6.128657707 0)
(1.879704334 5.707895999 0)
(1.732604668 6.261036238 0)
(0.4798879682 6.892926429 0)
(9.687653293 8.25 0)
(7.169565454 7.575644775 0)
(6.809967315 7.111982366 0)
(6.573452793 7.462696444 0)
(7.117200903 5.165093774 0)
(7.611202398 5.025531618 0)
(7.169173647 4.654394345 0)
(6.765672597 9.54849865 0)
(5.164390981 7.474225278 0)
(5.611135215 7.051786553 0)
(5.124364923 7.005758171 0)
(4.527261051 5.010019425 0)
(4.051140141 5.451789575 0)
(4.492600935 5.520182108 0)
(3.47280475 7.486203647 0)
(3.67278297 7.006430576 0)
(3.172641504 7.193596896 0)
(8.985646827 5.198167463 0)
(8.532843844 5.055992485 0)
(8.553157991 5.417890799 0)
(8.803768582 4.789568506 0)
(6.429392782 4.227320666 0)
(6.621114037 4.835399751 0)
(6.788790008 4.465817279 0)
(6.811524365 3.735223837 0)
(7.45389148 3.683410647 0)
(6.923713736 3.276182033 0)
(1.200840879 3.485533993 0)
(2.316669136 3.613061068 0)
(2.692391227 4.081030986 0)
(2.829686874 3.592248693 0)
(3.048275447 4.912002818 0)
(3.019934637 4.353145368 0)
(3.490511248 2.4434749 0)
(4.074959109 8.725170545 0)
(3.531780168 8.715789364 0)
(5.383373576 8.469457316 0)
(8.092101854 7.173612645 0)
(8.556659607 7.191994404 0)
(8.829113724 6.352929898 0)
(8.724241894 5.829461271 0)
(5.722941282 6.567045356 0)
(6.041955226 6.159534279 0)
(5.608367675 6.170504074 0)
(7.929361448 6.569007417 0)
(7.640500161 6.950672211 0)
(7.267352881 9.422171849 0)
(7.622523969 8.484686006 0)
(7.315926328 8.028920471 0)
(7.202508969 8.447838973 0)
(7.002561648 6.226912517 0)
(6.481063203 6.371674002 0)
(6.685857334 6.70403203 0)
(6.65364649 5.373602962 0)
(8.861449643 3.688166968 0)
(8.761817556 4.313200343 0)
(9.243275527 8.330422977 0)
(8.683705238 8.646733769 0)
(7.349495614 8.881013671 0)
(6.019628079 7.462816144 0)
(6.294289364 7.76128047 0)
(5.299911465 6.616325514 0)
(1.230790023 7.572445149 0)
(1.539836608 4.256000166 0)
(1.926051566 4.589010061 0)
(2.138703293 4.122033977 0)
(0.3576554501 5.964628647 0)
(3.286711638 6.741337169 0)
(2.936683748 6.414888203 0)
(4.20748845 7.197243307 0)
(4.028113745 6.759140997 0)
(7.600383221 4.588013731 0)
(8.182831042 4.724104932 0)
(7.785714286 4.214285714 0)
(4.380451241 4.43849014 0)
(4.153018552 4.866159677 0)
(3.839006992 5.043860969 0)
(3.417727014 5.325951154 0)
(4.111444105 9.294331095 0)
(3.334731983 7.868294245 0)
(3.062925574 7.606407031 0)
(1.006883344 4.413295676 0)
(1.425368235 4.795771792 0)
(1.270576708 3.905092194 0)
(3.834257633 2.707034855 0)
(4.131932324 3.008088542 0)
(4.961153153 3.141452541 0)
(5.437824056 3.52649582 0)
(6.861260874 2.41031056 0)
(7.06498501 2.839107267 0)
(8.474453086 2.986160861 0)
(8.628745195 3.361476593 0)
(6.124114823 6.676584041 0)
(6.255825737 7.07774798 0)
(5.634077557 7.5535113 0)
(4.955033341 2.707487096 0)
(5.37797449 4.490223091 0)
(4.815291565 4.633910922 0)
(5.885635946 5.661301704 0)
(5.586103958 5.112593156 0)
(7.981218482 8.144055779 0)
(8.424984928 8.159942651 0)
(1.925945575 8.362745085 0)
(1.932499554 7.736983588 0)
(1.552691392 7.835371091 0)
(0.481616499 8.504689824 0)
(6.1837377 5.303268654 0)
(6.519637017 5.859356839 0)
(7.505249574 6.535457327 0)
(1.420795197 5.348914938 0)
(1.390325284 5.831483113 0)
(3.883844439 4.52450254 0)
(3.549700302 4.871004991 0)
(3.429389253 3.527194165 0)
(3.181830875 3.936118534 0)
(2.671034412 7.76108982 0)
(3.921458532 6.048593103 0)
(2.791415083 5.420416783 0)
(5.475096165 7.92318177 0)
(5.90478239 8.101195597 0)
(7.898349328 3.027713201 0)
(6.779936473 7.842367964 0)
(2.30949199 7.567026245 0)
(2.017730101 8.889180315 0)
(3.137377866 8.998558609 0)
(4.833959934 6.594161019 0)
(4.705551808 7.033186538 0)
(4.584470234 8.601975677 0)
(4.351624501 6.352232029 0)
(2.371986341 6.554459396 0)
(2.637134332 6.153739966 0)
(2.234695078 5.403707337 0)
(1.863732177 5.090869174 0)
(8.475325175 6.167493394 0)
(8.106465308 6.194475184 0)
(3.731246423 6.490552737 0)
(3.891965974 7.49073724 0)
(7.15466728 6.743114813 0)
(7.288454121 7.196764869 0)
(6.983934603 4.11317896 0)
(7.394650535 4.170224723 0)
(6.41037555 3.53245475 0)
(6.046510927 4.740502078 0)
(0.954692746 5.452079209 0)
(4.163192149 3.996468688 0)
(4.497729468 3.423842337 0)
(3.668256103 3.974944257 0)
(3.418851546 4.40001902 0)
(6.393234973 9.261268192 0)
(4.358414711 5.87942093 0)
(5.091117716 4.953154356 0)
(1.57257863 3.252000452 0)
(0.9725905296 2.96154449 0)
(9.034086667 3.096177761 0)
(6.729647214 2.780909651 0)
(3.851403677 2.354489029 0)
(3.971044461 3.470977967 0)
(4.954782217 8.370113658 0)
(3.580132149 8.258178605 0)
(8.153884853 8.583917944 0)
(1.725980392 3.725980392 0)
(5.879639172 3.280366017 0)
(2.403895227 8.633431907 0)
(2.688266354 8.995043322 0)
(7.628472048 7.351661012 0)
(8.330494292 8.922002218 0)
(7.77686897 7.700717205 0)
(8.14724659 5.239160479 0)
(8.221417379 4.242797009 0)
(9.149977887 2.359536408 0)
(8.39213227 6.604224939 0)
(4.572421413 7.426409305 0)
(2.45741845 5.736370784 0)
(1.953440395 6.629192974 0)
(5.053166905 7.968804233 0)
(5.186933539 6.204523902 0)
(7.428430378 3.002154622 0)
(4.815575861 5.290720018 0)
(0.8137151691 5.906161293 0)
(2.297535738 9.157992129 0)
(7.098624923 5.678094754 0)
(8.207096026 2.701749981 0)
(9.240826451 2.717163114 0)
(4.38330512 6.787085335 0)
(0.5 0.5 0)
(1 0.5 0)
(1.5 0.5 0)
(2 0.5 0)
(2.5 0.5 0)
(3 0.5 0)
(3.5 0.5 0)
(4 0.5 0)
(4.5 0.5 0)
(5 0.5 0)
(5.5 0.5 0)
(6 0.5 0)
(6.5 0.5 0)
(7 0.5 0)
(7.5 0.5 0)
(8 0.5 0)
(8.5 0.5 0)
(9 0.5 0)
(9.5 0.5 0)
(0.5 1 0)
(1 1 0)
(1.5 1 0)
(2 1 0)
(2.5 1 0)
(3 1 0)
(3.5 1 0)
(4 1 0)
(4.5 1 0)
(5 1 0)
(5.5 1 0)
(6 1 0)
(6.5 1 0)
(7 1 0)
(7.5 1 0)
(8 1 0)
(8.5 1 0)
(9 1 0)
(9.5 1 0)
(0.5 1.5 0)
(1 1.5 0)
(1.5 1.5 0)
(2 1.5 0)
(2.5 1.5 0)
(3 1.5 0)
(3.5 1.5 0)
(4 1.5 0)
(4.5 1.5 0)
(5 1.5 0)
(5.5 1.5 0)
(6 1.5 0)
(6.5 1.5 0)
(7 1.5 0)
(7.5 1.5 0)
(8 1.5 0)
(8.5 1.5 0)
(9 1.5 0)
(9.5 1.5 0)
(0.5 0 1)
(1 0 1)
(1.5 0 1)
(2 0 1)
(2.5 0 1)
(3 0 1)
(3.5 0 1)
(4 0 1)
(4.5 0 1)
(5 0 1)
(5.5 0 1)
(6 0 1)
(6.5 0 1)
(7 0 1)
(7.5 0 1)
(8 0 1)
(8.5 0 1)
(9 0 1)
(9.5 0 1)
(0 0 1)
(10 0 1)
(10 0.5 1)
(10 1 1)
(10 1.5 1)
(10 2 1)
(0.5 2 1)
(1 2 1)
(1.5 2 1)
(2 2 1)
(2.5 2 1)
(3 2 1)
(3.5 2 1)
(4 2 1)
(4.5 2 1)
(5 2 1)
(5.5 2 1)
(6 2 1)
(6.5 2 1)
(7 2 1)
(7.5 2 1)
(8 2 1)
(8.5 2 1)
(9 2 1)
(9.5 2 1)
(0 2 1)
(0 0.5 1)
(0 1 1)
(0 1.5 1)
(0.5 0.5 1)
(1 0.5 1)
(1.5 0.5 1)
(2 0.5 1)
(2.5 0.5 1)
(3 0.5 1)
(3.5 0.5 1)
(4 0.5 1)
(4.5 0.5 1)
(5 0.5 1)
(5.5 0.5 1)
(6 0.5 1)
(6.5 0.5 1)
(7 0.5 1)
(7.5 0.5 1)
(8 0.5 1)
(8.5 0.5 1)
(9 0.5 1)
(9.5 0.5 1)
(0.5 1 1)
(1 1 1)
(1.5 1 1)
(2 1 1)
(2.5 1 1)
(3 1 1)
(3.5 1 1)
(4 1 1)
(4.5 1 1)
(5 1 1)
(5.5 1 1)
(6 1 1)
(6.5 1 1)
(7 1 1)
(7.5 1 1)
(8 1 1)
(8.5 1 1)
(9 1 1)
(9.5 1 1)
(0.5 1.5 1)
(1 1.5 1)
(1.5 1.5 1)
(2 1.5 1)
(2.5 1.5 1)
(3 1.5 1)
(3.5 1.5 1)
(4 1.5 1)
(4.5 1.5 1)
(5 1.5 1)
(5.5 1.5 1)
(6 1.5 1)
(6.5 1.5 1)
(7 1.5 1)
(7.5 1.5 1)
(8 1.5 1)
(8.5 1.5 1)
(9 1.5 1)
(9.5 1.5 1)
(0 10 1)
(0.5 10 1)
(1 10 1)
(1.5 10 1)
(2 10 1)
(2.5 10 1)
(3 10 1)
(3.5 10 1)
(4 10 1)
(4.5 10 1)
(5 10 1)
(5.5 10 1)
(6 10 1)
(6.5 10 1)
(7 10 1)
(7.5 10 1)
(8 10 1)
(8.5 10 1)
(9 10 1)
(9.5 10 1)
(10 10 1)
(10 9.5 1)
(10 9 1)
(10 8.5 1)
(10 8 1)
(10 7.5 1)
(10 7 1)
(10 6.5 1)
(10 6 1)
(10 5.5 1)
(10 5 1)
(10 4.5 1)
(10 4 1)
(10 3.5 1)
(10 3 1)
(10 2.5 1)
(0 2.5 1)
(0 3 1)
(0 3.5 1)
(0 4 1)
(0 4.5 1)
(0 5 1)
(0 5.5 1)
(0 6 1)
(0 6.5 1)
(0 7 1)
(0 7.5 1)
(0 8 1)
(0 8.5 1)
(0 9 1)
(0 9.5 1)
(2.332653501 4.497547635 1)
(2.403924509 4.982913163 1)
(2.710794071 4.612635466 1)
(9.570733283 2.429266717 1)
(9.561742956 9.57899856 1)
(9.518634804 8.731640326 1)
(9.362904576 9.189285662 1)
(8.722286666 2.533377089 1)
(8.403439721 7.659948177 1)
(8.879452609 8.031370664 1)
(8.907698306 7.568484094 1)
(8.946131112 9.519508964 1)
(1.217484371 9.042619931 1)
(1.334908225 9.577152427 1)
(1.774997423 9.318509953 1)
(0.9575687183 9.324516729 1)
(0.5085668162 9.451185187 1)
(0.8687454766 9.637939458 1)
(0.6461723717 8.971912643 1)
(1.559304384 8.775235565 1)
(1.108731146 7.979347683 1)
(1.022919989 8.554964339 1)
(1.448737151 8.252900433 1)
(2.780942042 9.489697716 1)
(9.520190409 7.127333442 1)
(9.460229551 7.707326705 1)
(9.06859917 8.916701888 1)
(4.262127549 7.775211061 1)
(3.793665924 7.886748178 1)
(4.103598597 8.21463401 1)
(0.5844020389 3.384729722 1)
(0.3967690713 2.96927999 1)
(0.8303258109 3.862472409 1)
(0.3452927458 3.741843455 1)
(0.4521472508 4.154529992 1)
(0.5648134582 2.564813458 1)
(0.8846738396 2.367765476 1)
(1.267519999 2.463556838 1)
(0.5071435295 4.703718502 1)
(7.775065452 2.470363658 1)
(8.25 2.330742929 1)
(8.431969874 3.861915408 1)
(8.125980807 3.417487338 1)
(8.008017816 3.85235298 1)
(7.271622747 2.502172218 1)
(9.585505405 3.003229986 1)
(9.368179476 3.473188416 1)
(9.641270841 4.226230514 1)
(9.211580494 4.013264066 1)
(9.340820057 4.57306005 1)
(3.30250423 9.47534817 1)
(3.745893257 9.563625246 1)
(2.39493682 8.075350395 1)
(2.933219287 8.486338177 1)
(2.972506521 8.049768315 1)
(6.378233526 2.457170887 1)
(5.892193413 2.358788125 1)
(9.598443492 3.821422612 1)
(8.482129408 9.279476032 1)
(7.853931778 9.077003456 1)
(8.064715634 9.564148738 1)
(9.035973769 7.170438983 1)
(9.269782031 6.581364448 1)
(8.784730993 6.819133522 1)
(5.592495648 2.533533917 1)
(9.591168551 6.172138283 1)
(9.662637393 6.73927936 1)
(7.67992011 9.608611435 1)
(7.573633906 6.096452928 1)
(8.128842691 5.756736437 1)
(7.589419512 5.536013627 1)
(5.790223341 2.920204861 1)
(6.315778531 3.046876377 1)
(6.008792513 2.693920591 1)
(9.432568154 5.405557142 1)
(9.160053958 5.870239335 1)
(9.608918064 5.748410765 1)
(5.378572212 2.964369245 1)
(5.19463803 2.384220682 1)
(9.606275237 4.98683649 1)
(6.29818694 8.54904675 1)
(5.847136285 8.673822784 1)
(6.059878879 9.020110637 1)
(6.318641193 9.635227819 1)
(5.924822209 9.499215927 1)
(5.553195386 9.089758753 1)
(4.958690345 9.327596457 1)
(5.350687411 9.542175635 1)
(4.571659883 2.908659254 1)
(4.7134328 2.387681257 1)
(4.274062074 2.497304454 1)
(6.36693897 8.116090471 1)
(6.773439405 8.321345076 1)
(4.947663398 4.134453743 1)
(4.952380056 3.638991881 1)
(4.587463127 3.876423623 1)
(4.590000013 8.13868005 1)
(4.704663547 7.779497903 1)
(2.683045262 2.448863936 1)
(1.057295059 7.172492128 1)
(1.590141214 7.339504827 1)
(1.51802565 6.839071339 1)
(2.550709661 3.054924597 1)
(2.211147906 2.559757068 1)
(3.093615883 2.682837746 1)
(3.05856006 3.207897907 1)
(3.536150026 3.038601116 1)
(0.6143604173 7.437501497 1)
(0.3427567462 7.778942563 1)
(3.698109483 9.123894211 1)
(0.3380335796 8.143280836 1)
(0.6719939508 8.03006891 1)
(4.541545587 9.090395933 1)
(5.047598481 8.849120036 1)
(1.202246005 6.282706011 1)
(0.5774440763 6.366942247 1)
(0.9148769737 6.718998527 1)
(2.05160619 3.179621314 1)
(1.679366795 2.83383783 1)
(0.497521573 5.537018323 1)
(0.6935635241 5.12973025 1)
(0.3436887359 5.180622061 1)
(1.75 2.382433222 1)
(6.896904376 9.164066464 1)
(6.97991106 8.746327888 1)
(6.591365354 8.88372876 1)
(1.007599319 4.923573351 1)
(4.866330147 5.816383184 1)
(5.422512895 5.681972682 1)
(5.192987358 5.343835145 1)
(3.355192102 6.194144241 1)
(3.537232824 5.769899977 1)
(2.991141482 5.881630402 1)
(4.510639634 9.567594283 1)
(5.413868248 4.015914782 1)
(5.84849813 4.202972583 1)
(5.948258994 3.777671872 1)
(2.074653169 7.123472478 1)
(2.646573366 7.304652083 1)
(2.731554933 6.836893732 1)
(2.281144433 9.548962992 1)
(2.193146114 6.128657707 1)
(1.879704334 5.707895999 1)
(1.732604668 6.261036238 1)
(0.4798879682 6.892926429 1)
(9.687653293 8.25 1)
(7.169565454 7.575644775 1)
(6.809967315 7.111982366 1)
(6.573452793 7.462696444 1)
(7.117200903 5.165093774 1)
(7.611202398 5.025531618 1)
(7.169173647 4.654394345 1)
(6.765672597 9.54849865 1)
(5.164390981 7.474225278 1)
(5.611135215 7.051786553 1)
(5.124364923 7.005758171 1)
(4.527261051 5.010019425 1)
(4.051140141 5.451789575 1)
(4.492600935 5.520182108 1)
(3.47280475 7.486203647 1)
(3.67278297 7.006430576 1)
(3.172641504 7.193596896 1)
(8.985646827 5.198167463 1)
(8.532843844 5.055992485 1)
(8.553157991 5.417890799 1)
(8.803768582 4.789568506 1)
(6.429392782 4.227320666 1)
(6.621114037 4.835399751 1)
(6.788790008 4.465817279 1)
(6.811524365 3.735223837 1)
(7.45389148 3.683410647 1)
(6.923713736 3.276182033 1)
(1.200840879 3.485533993 1)
(2.316669136 3.613061068 1)
(2.692391227 4.081030986 1)
(2.829686874 3.592248693 1)
(3.048275447 4.912002818 1)
(3.019934637 4.353145368 1)
(3.490511248 2.4434749 1)
(4.074959109 8.725170545 1)
(3.531780168 8.715789364 1)
(5.383373576 8.469457316 1)
(8.092101854 7.173612645 1)
(8.556659607 7.191994404 1)
(8.829113724 6.352929898 1)
(8.724241894 5.829461271 1)
(5.722941282 6.567045356 1)
(6.041955226 6.159534279 1)
(5.608367675 6.170504074 1)
(7.929361448 6.569007417 1)
(7.640500161 6.950672211 1)
(7.267352881 9.422171849 1)
(7.622523969 8.484686006 1)
(7.315926328 8.028920471 1)
(7.202508969 8.447838973 1)
(7.002561648 6.226912517 1)
(6.481063203 6.371674002 1)
(6.685857334 6.70403203 1)
(6.65364649 5.373602962 1)
(8.861449643 3.688166968 1)
(8.761817556 4.313200343 1)
(9.243275527 8.330422977 1)
(8.683705238 8.646733769 1)
(7.349495614 8.881013671 1)
(6.019628079 7.462816144 1)
(6.294289364 7.76128047 1)
(5.299911465 6.616325514 1)
(1.230790023 7.572445149 1)
(1.539836608 4.256000166 1)
(1.926051566 4.589010061 1)
(2.138703293 4.122033977 1)
(0.3576554501 5.964628647 1)
(3.286711638 6.741337169 1)
(2.936683748 6.414888203 1)
(4.20748845 7.197243307 1)
(4.028113745 6.759140997 1)
(7.600383221 4.588013731 1)
(8.182831042 4.724104932 1)
(7.785714286 4.214285714 1)
(4.380451241 4.43849014 1)
(4.153018552 4.866159677 1)
(3.839006992 5.043860969 1)
(3.417727014 5.325951154 1)
(4.111444105 9.294331095 1)
(3.334731983 7.868294245 1)
(3.062925574 7.606407031 1)
(1.006883344 4.413295676 1)
(1.425368235 4.795771792 1)
(1.270576708 3.905092194 1)
(3.834257633 2.707034855 1)
(4.131932324 3.008088542 1)
(4.961153153 3.141452541 1)
(5.437824056 3.52649582 1)
(6.861260874 2.41031056 1)
(7.06498501 2.839107267 1)
(8.474453086 2.986160861 1)
(8.628745195 3.361476593 1)
(6.124114823 6.676584041 1)
(6.255825737 7.07774798 1)
(5.634077557 7.5535113 1)
(4.955033341 2.707487096 1)
(5.37797449 4.490223091 1)
(4.815291565 4.633910922 1)
(5.885635946 5.661301704 1)
(5.586103958 5.112593156 1)
(7.981218482 8.144055779 1)
(8.424984928 8.159942651 1)
(1.925945575 8.362745085 1)
(1.932499554 7.736983588 1)
(1.552691392 7.835371091 1)
(0.481616499 8.504689824 1)
(6.1837377 5.303268654 1)
(6.519637017 5.859356839 1)
(7.505249574 6.535457327 1)
(1.420795197 5.348914938 1)
(1.390325284 5.831483113 1)
(3.883844439 4.52450254 1)
(3.549700302 4.871004991 1)
(3.429389253 3.527194165 1)
(3.181830875 3.936118534 1)
(2.671034412 7.76108982 1)
(3.921458532 6.048593103 1)
(2.791415083 5.420416783 1)
(5.475096165 7.92318177 1)
(5.90478239 8.101195597 1)
(7.898349328 3.027713201 1)
(6.779936473 7.842367964 1)
(2.30949199 7.567026245 1)
(2.017730101 8.889180315 1)
(3.137377866 8.998558609 1)
(4.833959934 6.594161019 1)
(4.705551808 7.033186538 1)
(4.584470234 8.601975677 1)
(4.351624501 6.352232029 1)
(2.371986341 6.554459396 1)
(2.637134332 6.153739966 1)
(2.234695078 5.403707337 1)
(1.863732177 5.090869174 1)
(8.475325175 6.167493394 1)
(8.106465308 6.194475184 1)
(3.731246423 6.490552737 1)
(3.891965974 7.49073724 1)
(7.15466728 6.743114813 1)
(7.288454121 7.196764869 1)
(6.983934603 4.11317896 1)
(7.394650535 4.170224723 1)
(6.41037555 3.53245475 1)
(6.046510927 4.740502078 1)
(0.954692746 5.452079209 1)
(4.163192149 3.996468688 1)
(4.497729468 3.423842337 1)
(3.668256103 3.974944257 1)
(3.418851546 4.40001902 1)
(6.393234973 9.261268192 1)
(4.358414711 5.87942093 1)
(5.091117716 4.953154356 1)
(1.57257863 3.252000452 1)
(0.9725905296 2.96154449 1)
(9.034086667 3.096177761 1)
(6.729647214 2.780909651 1)
(3.851403677 2.354489029 1)
(3.971044461 3.470977967 1)
(4.954782217 8.370113658 1)
(3.580132149 8.258178605 1)
(8.153884853 8.583917944 1)
(1.725980392 3.725980392 1)
(5.879639172 3.280366017 1)
(2.403895227 8.633431907 1)
(2.688266354 8.995043322 1)
(7.628472048 7.351661012 1)
(8.330494292 8.922002218 1)
(7.77686897 7.700717205 1)
(8.14724659 5.239160479 1)
(8.221417379 4.242797009 1)
(9.149977887 2.359536408 1)
(8.39213227 6.604224939 1)
(4.572421413 7.426409305 1)
(2.45741845 5.736370784 1)
(1.953440395 6.629192974 1)
(5.053166905 7.968804233 1)
(5.186933539 6.204523902 1)
(7.428430378 3.002154622 1)
(4.815575861 5.290720018 1)
(0.8137151691 5.906161293 1)
(2.297535738 9.157992129 1)
(7.098624923 5.678094754 1)
(8.207096026 2.701749981 1)
(9.240826451 2.717163114 1)
(4.38330512 6.787085335 1)
)


// ************************************************************************* //
