FoamFile
{
    version     2.0;
    format      ascii;
    location    "constant/polyMesh";
    class       vectorField;
    object      points;
}

// * * * * * * * * * * * * * * * * * * * * * * * * * * * * * * * * * * * * * //

970
(
(0 0 0)
(1 0 0)
(1 1 0)
(0 1 0)
(0 0.2 0)
(0.05 0 0)
(0.1 0 0)
(0.15 0 0)
(0.2 0 0)
(0.25 0 0)
(0.3 0 0)
(0.35 0 0)
(0.4 0 0)
(0.45 0 0)
(0.5 0 0)
(0.55 0 0)
(0.6 0 0)
(0.65 0 0)
(0.7 0 0)
(0.75 0 0)
(0.8 0 0)
(0.85 0 0)
(0.9 0 0)
(0.95 0 0)
(0.05 1 0)
(0.1 1 0)
(0.15 1 0)
(0.2 1 0)
(0.25 1 0)
(0.3 1 0)
(0.35 1 0)
(0.4 1 0)
(0.45 1 0)
(0.5 1 0)
(0.55 1 0)
(0.6 1 0)
(0.65 1 0)
(0.7 1 0)
(0.75 1 0)
(0.8 1 0)
(0.85 1 0)
(0.9 1 0)
(0.95 1 0)
(0 0.05 0)
(0 0.1 0)
(0 0.15 0)
(0 0.25 0)
(0 0.3 0)
(0 0.35 0)
(0 0.4 0)
(0 0.45 0)
(0 0.5 0)
(0 0.55 0)
(0 0.6 0)
(0 0.65 0)
(0 0.7 0)
(0 0.75 0)
(0 0.8 0)
(0 0.85 0)
(0 0.9 0)
(0 0.95 0)
(1 0.05 0)
(1 0.1 0)
(1 0.15 0)
(1 0.25 0)
(1 0.3 0)
(1 0.35 0)
(1 0.4 0)
(1 0.45 0)
(1 0.5 0)
(1 0.55 0)
(1 0.6 0)
(1 0.65 0)
(1 0.7 0)
(1 0.75 0)
(1 0.8 0)
(1 0.85 0)
(1 0.9 0)
(1 0.95 0)
(1 0.2 0)
(0.05 0.2 0)
(0.1 0.2 0)
(0.15 0.2 0)
(0.2 0.2 0)
(0.25 0.2 0)
(0.3 0.2 0)
(0.35 0.2 0)
(0.4 0.2 0)
(0.45 0.2 0)
(0.5 0.2 0)
(0.55 0.2 0)
(0.6 0.2 0)
(0.65 0.2 0)
(0.7 0.2 0)
(0.75 0.2 0)
(0.8 0.2 0)
(0.85 0.2 0)
(0.9 0.2 0)
(0.95 0.2 0)
(0.233265350095 0.449754763458 0)
(0.240392450915 0.498291316296 0)
(0.271079407145 0.461263546633 0)
(0.957073328298 0.242926671702 0)
(0.95617429564 0.957899856008 0)
(0.951863480449 0.873164032567 0)
(0.936290457568 0.918928566161 0)
(0.872228666588 0.253337708887 0)
(0.84034397215 0.76599481769 0)
(0.887945260859 0.803137066357 0)
(0.89076983063 0.756848409378 0)
(0.894613111183 0.951950896448 0)
(0.121748437076 0.904261993084 0)
(0.133490822546 0.957715242737 0)
(0.177499742297 0.931850995265 0)
(0.0957568718318 0.932451672898 0)
(0.0508566816212 0.945118518726 0)
(0.0868745476581 0.963793945765 0)
(0.0646172371714 0.897191264259 0)
(0.155930438354 0.877523556537 0)
(0.110873114551 0.797934768288 0)
(0.102291998887 0.855496433884 0)
(0.144873715127 0.825290043301 0)
(0.27809420416 0.948969771632 0)
(0.952019040863 0.712733344199 0)
(0.946022955051 0.770732670464 0)
(0.906859917034 0.891670188776 0)
(0.426212754929 0.777521106106 0)
(0.379366592419 0.788674817812 0)
(0.410359859732 0.821463400975 0)
(0.0584402038886 0.338472972235 0)
(0.0396769071281 0.296927999035 0)
(0.0830325810866 0.386247240939 0)
(0.0345292745796 0.37418434551 0)
(0.0452147250761 0.415452999169 0)
(0.0564813458165 0.256481345817 0)
(0.0884673839574 0.236776547577 0)
(0.126751999856 0.246355683804 0)
(0.0507143529478 0.470371850187 0)
(0.777506545232 0.247036365802 0)
(0.825 0.233074292893 0)
(0.843196987437 0.386191540824 0)
(0.812598080713 0.341748733834 0)
(0.80080178156 0.385235298038 0)
(0.72716227466 0.250217221788 0)
(0.958550540474 0.30032299857 0)
(0.936817947615 0.347318841639 0)
(0.964127084106 0.422623051429 0)
(0.921158049369 0.401326406612 0)
(0.934082005734 0.45730600495 0)
(0.330250423007 0.947534816969 0)
(0.374589325695 0.956362524558 0)
(0.239493682029 0.807535039496 0)
(0.293321928742 0.848633817742 0)
(0.297250652075 0.804976831505 0)
(0.637823352574 0.245717088695 0)
(0.589219341319 0.235878812478 0)
(0.959844349185 0.38214226116 0)
(0.848212940845 0.927947603152 0)
(0.785393177764 0.907700345616 0)
(0.806471563405 0.956414873771 0)
(0.903597376906 0.717043898295 0)
(0.926978203087 0.658136444777 0)
(0.878473099297 0.681913352191 0)
(0.559249564807 0.25335339166 0)
(0.959116855092 0.617213828342 0)
(0.966263739347 0.67392793601 0)
(0.767992010961 0.960861143489 0)
(0.757363390611 0.609645292845 0)
(0.812884269121 0.575673643679 0)
(0.758941951186 0.553601362676 0)
(0.57902233411 0.2920204861 0)
(0.631577853118 0.304687637673 0)
(0.600879251298 0.269392059093 0)
(0.943256815369 0.540555714194 0)
(0.916005395817 0.587023933539 0)
(0.960891806376 0.574841076527 0)
(0.537857221185 0.296436924526 0)
(0.519463802996 0.238422068242 0)
(0.960627523672 0.498683648981 0)
(0.629818693962 0.854904675001 0)
(0.584713628527 0.867382278384 0)
(0.605987887939 0.902011063677 0)
(0.631864119334 0.963522781925 0)
(0.592482220896 0.949921592659 0)
(0.555319538642 0.908975875305 0)
(0.495869034505 0.932759645686 0)
(0.535068741128 0.954217563516 0)
(0.457165988282 0.290865925361 0)
(0.471343279975 0.238768125702 0)
(0.427406207389 0.249730445379 0)
(0.636693897035 0.811609047115 0)
(0.677343940452 0.832134507636 0)
(0.494766339817 0.413445374263 0)
(0.495238005556 0.36389918814 0)
(0.458746312672 0.387642362289 0)
(0.459000001316 0.813868004999 0)
(0.470466354727 0.777949790334 0)
(0.26830452622 0.244886393636 0)
(0.105729505944 0.717249212816 0)
(0.159014121435 0.733950482736 0)
(0.151802564961 0.683907133869 0)
(0.255070966122 0.305492459671 0)
(0.221114790613 0.25597570683 0)
(0.30936158833 0.268283774629 0)
(0.305856006016 0.320789790746 0)
(0.353615002642 0.303860111629 0)
(0.0614360417317 0.743750149652 0)
(0.0342756746157 0.77789425628 0)
(0.369810948305 0.91238942113 0)
(0.033803357956 0.814328083574 0)
(0.0671993950757 0.803006891044 0)
(0.454154558716 0.909039593323 0)
(0.504759848131 0.88491200356 0)
(0.12022460051 0.628270601059 0)
(0.0577444076272 0.636694224749 0)
(0.0914876973663 0.671899852673 0)
(0.205160619019 0.317962131428 0)
(0.167936679528 0.283383782998 0)
(0.0497521572963 0.553701832306 0)
(0.0693563524055 0.512973025016 0)
(0.0343688735895 0.518062206137 0)
(0.175 0.238243322225 0)
(0.689690437632 0.916406646363 0)
(0.697991106048 0.874632788782 0)
(0.659136535363 0.888372875992 0)
(0.100759931928 0.492357335128 0)
(0.486633014689 0.581638318382 0)
(0.542251289518 0.568197268181 0)
(0.519298735846 0.534383514535 0)
(0.335519210153 0.619414424055 0)
(0.3537232824 0.576989997669 0)
(0.299114148195 0.588163040204 0)
(0.451063963423 0.956759428316 0)
(0.541386824825 0.40159147823 0)
(0.584849813022 0.420297258317 0)
(0.594825899391 0.377767187218 0)
(0.20746531694 0.712347247823 0)
(0.264657336629 0.730465208258 0)
(0.273155493322 0.683689373221 0)
(0.228114443289 0.954896299231 0)
(0.219314611386 0.612865770665 0)
(0.187970433409 0.570789599881 0)
(0.173260466778 0.626103623779 0)
(0.0479887968207 0.689292642869 0)
(0.968765329275 0.825 0)
(0.716956545418 0.757564477513 0)
(0.680996731506 0.711198236634 0)
(0.6573452793 0.746269644361 0)
(0.711720090255 0.516509377367 0)
(0.761120239815 0.502553161792 0)
(0.716917364655 0.46543943446 0)
(0.67656725974 0.954849865006 0)
(0.516439098094 0.747422527768 0)
(0.561113521536 0.705178655307 0)
(0.512436492301 0.700575817129 0)
(0.452726105077 0.501001942521 0)
(0.405114014125 0.545178957519 0)
(0.449260093514 0.552018210826 0)
(0.347280475023 0.748620364654 0)
(0.367278297017 0.700643057636 0)
(0.317264150427 0.719359689617 0)
(0.898564682669 0.519816746295 0)
(0.853284384415 0.505599248516 0)
(0.855315799099 0.541789079931 0)
(0.880376858188 0.47895685064 0)
(0.642939278172 0.422732066582 0)
(0.662111403697 0.483539975125 0)
(0.678879000837 0.446581727919 0)
(0.681152436478 0.373522383693 0)
(0.745389147985 0.368341064677 0)
(0.692371373623 0.327618203258 0)
(0.120084087904 0.348553399288 0)
(0.231666913639 0.361306106753 0)
(0.269239122715 0.408103098589 0)
(0.282968687373 0.359224869311 0)
(0.304827544665 0.4912002818 0)
(0.301993463652 0.435314536844 0)
(0.34905112484 0.244347489968 0)
(0.407495910885 0.872517054474 0)
(0.353178016814 0.87157893643 0)
(0.538337357648 0.84694573165 0)
(0.809210185363 0.717361264454 0)
(0.855665960711 0.719199440429 0)
(0.882911372386 0.635292989764 0)
(0.872424189416 0.582946127068 0)
(0.572294128153 0.656704535625 0)
(0.604195522582 0.615953427875 0)
(0.560836767514 0.617050407392 0)
(0.792936144778 0.656900741749 0)
(0.764050016134 0.695067221094 0)
(0.726735288063 0.942217184875 0)
(0.762252396876 0.84846860059 0)
(0.73159263281 0.802892047129 0)
(0.720250896874 0.844783897303 0)
(0.700256164818 0.622691251675 0)
(0.648106320331 0.637167400228 0)
(0.668585733363 0.670403203013 0)
(0.665364649027 0.537360296214 0)
(0.886144964266 0.368816696779 0)
(0.876181755639 0.431320034326 0)
(0.924327552734 0.833042297694 0)
(0.868370523769 0.864673376899 0)
(0.734949561428 0.888101367108 0)
(0.601962807919 0.746281614437 0)
(0.629428936356 0.776128046985 0)
(0.52999114654 0.661632551445 0)
(0.123079002264 0.757244514877 0)
(0.15398366075 0.42560001657 0)
(0.192605156604 0.458901006121 0)
(0.213870329319 0.412203397737 0)
(0.0357655450121 0.596462864744 0)
(0.3286711638 0.674133716881 0)
(0.293668374814 0.641488820348 0)
(0.420748845005 0.719724330713 0)
(0.40281137454 0.675914099663 0)
(0.760038322094 0.45880137309 0)
(0.818283104247 0.472410493246 0)
(0.778571428571 0.421428571429 0)
(0.438045124071 0.443849014048 0)
(0.415301855158 0.486615967718 0)
(0.383900699201 0.504386096948 0)
(0.341772701409 0.532595115364 0)
(0.411144410509 0.929433109509 0)
(0.333473198324 0.786829424476 0)
(0.306292557383 0.760640703112 0)
(0.100688334367 0.441329567626 0)
(0.142536823545 0.479577179223 0)
(0.127057670769 0.390509219406 0)
(0.383425763275 0.270703485468 0)
(0.413193232425 0.300808854231 0)
(0.496115315305 0.314145254079 0)
(0.54378240563 0.352649582002 0)
(0.686126087446 0.241031056005 0)
(0.706498500979 0.283910726719 0)
(0.847445308631 0.298616086132 0)
(0.862874519529 0.336147659299 0)
(0.612411482257 0.667658404149 0)
(0.62558257371 0.707774798007 0)
(0.56340775574 0.755351129999 0)
(0.495503334147 0.270748709614 0)
(0.537797449014 0.449022309105 0)
(0.481529156498 0.463391092217 0)
(0.588563594634 0.566130170403 0)
(0.558610395815 0.511259315637 0)
(0.798121848246 0.814405577922 0)
(0.842498492845 0.815994265147 0)
(0.192594557458 0.836274508477 0)
(0.193249955438 0.773698358753 0)
(0.155269139201 0.783537109068 0)
(0.0481616499001 0.850468982354 0)
(0.618373769995 0.530326865364 0)
(0.651963701684 0.585935683927 0)
(0.750524957382 0.653545732696 0)
(0.142079519717 0.534891493774 0)
(0.139032528352 0.583148311315 0)
(0.388384443905 0.452450254001 0)
(0.354970030215 0.487100499077 0)
(0.342938925337 0.352719416479 0)
(0.318183087504 0.393611853407 0)
(0.267103441171 0.776108981972 0)
(0.392145853233 0.604859310268 0)
(0.279141508255 0.542041678306 0)
(0.547509616545 0.792318177042 0)
(0.59047823899 0.810119559748 0)
(0.789834932801 0.302771320108 0)
(0.677993647275 0.784236796408 0)
(0.230949199036 0.756702624487 0)
(0.201773010132 0.888918031488 0)
(0.313737786637 0.899855860917 0)
(0.48339599341 0.659416101929 0)
(0.470555180843 0.703318653789 0)
(0.458447023425 0.860197567686 0)
(0.435162450098 0.635223202909 0)
(0.237198634093 0.655445939601 0)
(0.26371343323 0.615373996641 0)
(0.223469507828 0.540370733707 0)
(0.186373217719 0.509086917369 0)
(0.847532517533 0.616749339376 0)
(0.810646530831 0.619447518431 0)
(0.373124642255 0.649055273723 0)
(0.389196597353 0.749073724008 0)
(0.715466727996 0.674311481316 0)
(0.728845412058 0.719676486868 0)
(0.698393460322 0.411317896038 0)
(0.739465053494 0.417022472281 0)
(0.641037554956 0.353245475003 0)
(0.604651092713 0.474050207797 0)
(0.0954692746029 0.545207920927 0)
(0.416319214949 0.39964686882 0)
(0.449772946826 0.342384233655 0)
(0.3668256103 0.397494425733 0)
(0.341885154612 0.440001902048 0)
(0.639323497322 0.926126819199 0)
(0.4358414711 0.587942093032 0)
(0.509111771599 0.495315435639 0)
(0.157257863026 0.325200045248 0)
(0.0972590529593 0.296154449042 0)
(0.903408666683 0.309617776137 0)
(0.672964721426 0.278090965105 0)
(0.385140367723 0.23544890293 0)
(0.397104446098 0.347097796651 0)
(0.49547822171 0.83701136585 0)
(0.358013214912 0.82581786051 0)
(0.815388485261 0.858391794442 0)
(0.172598039216 0.372598039216 0)
(0.587963917231 0.328036601706 0)
(0.240389522668 0.863343190739 0)
(0.268826635377 0.8995043322 0)
(0.762847204796 0.735166101178 0)
(0.83304942919 0.892200221831 0)
(0.77768689699 0.770071720491 0)
(0.814724658984 0.523916047869 0)
(0.822141737928 0.424279700931 0)
(0.914997788706 0.235953640796 0)
(0.839213226989 0.660422493935 0)
(0.457242141292 0.742640930479 0)
(0.245741844985 0.573637078372 0)
(0.195344039474 0.662919297379 0)
(0.505316690484 0.796880423285 0)
(0.518693353941 0.620452390198 0)
(0.742843037765 0.300215462221 0)
(0.481557586127 0.529072001759 0)
(0.0813715169145 0.590616129286 0)
(0.229753573801 0.91579921289 0)
(0.709862492271 0.567809475412 0)
(0.820709602596 0.270174998136 0)
(0.924082645078 0.2717163114 0)
(0.438330512038 0.6787085335 0)
(0.05 0.05 0)
(0.1 0.05 0)
(0.15 0.05 0)
(0.2 0.05 0)
(0.25 0.05 0)
(0.3 0.05 0)
(0.35 0.05 0)
(0.4 0.05 0)
(0.45 0.05 0)
(0.5 0.05 0)
(0.55 0.05 0)
(0.6 0.05 0)
(0.65 0.05 0)
(0.7 0.05 0)
(0.75 0.05 0)
(0.8 0.05 0)
(0.85 0.05 0)
(0.9 0.05 0)
(0.95 0.05 0)
(0.05 0.1 0)
(0.1 0.1 0)
(0.15 0.1 0)
(0.2 0.1 0)
(0.25 0.1 0)
(0.3 0.1 0)
(0.35 0.1 0)
(0.4 0.1 0)
(0.45 0.1 0)
(0.5 0.1 0)
(0.55 0.1 0)
(0.6 0.1 0)
(0.65 0.1 0)
(0.7 0.1 0)
(0.75 0.1 0)
(0.8 0.1 0)
(0.85 0.1 0)
(0.9 0.1 0)
(0.95 0.1 0)
(0.05 0.15 0)
(0.1 0.15 0)
(0.15 0.15 0)
(0.2 0.15 0)
(0.25 0.15 0)
(0.3 0.15 0)
(0.35 0.15 0)
(0.4 0.15 0)
(0.45 0.15 0)
(0.5 0.15 0)
(0.55 0.15 0)
(0.6 0.15 0)
(0.65 0.15 0)
(0.7 0.15 0)
(0.75 0.15 0)
(0.8 0.15 0)
(0.85 0.15 0)
(0.9 0.15 0)
(0.95 0.15 0)
(0.05 0 0.1)
(0.1 0 0.1)
(0.15 0 0.1)
(0.2 0 0.1)
(0.25 0 0.1)
(0.3 0 0.1)
(0.35 0 0.1)
(0.4 0 0.1)
(0.45 0 0.1)
(0.5 0 0.1)
(0.55 0 0.1)
(0.6 0 0.1)
(0.65 0 0.1)
(0.7 0 0.1)
(0.75 0 0.1)
(0.8 0 0.1)
(0.85 0 0.1)
(0.9 0 0.1)
(0.95 0 0.1)
(0 0 0.1)
(1 0 0.1)
(1 0.05 0.1)
(1 0.1 0.1)
(1 0.15 0.1)
(1 0.2 0.1)
(0.05 0.2 0.1)
(0.1 0.2 0.1)
(0.15 0.2 0.1)
(0.2 0.2 0.1)
(0.25 0.2 0.1)
(0.3 0.2 0.1)
(0.35 0.2 0.1)
(0.4 0.2 0.1)
(0.45 0.2 0.1)
(0.5 0.2 0.1)
(0.55 0.2 0.1)
(0.6 0.2 0.1)
(0.65 0.2 0.1)
(0.7 0.2 0.1)
(0.75 0.2 0.1)
(0.8 0.2 0.1)
(0.85 0.2 0.1)
(0.9 0.2 0.1)
(0.95 0.2 0.1)
(0 0.2 0.1)
(0 0.05 0.1)
(0 0.1 0.1)
(0 0.15 0.1)
(0.05 0.05 0.1)
(0.1 0.05 0.1)
(0.15 0.05 0.1)
(0.2 0.05 0.1)
(0.25 0.05 0.1)
(0.3 0.05 0.1)
(0.35 0.05 0.1)
(0.4 0.05 0.1)
(0.45 0.05 0.1)
(0.5 0.05 0.1)
(0.55 0.05 0.1)
(0.6 0.05 0.1)
(0.65 0.05 0.1)
(0.7 0.05 0.1)
(0.75 0.05 0.1)
(0.8 0.05 0.1)
(0.85 0.05 0.1)
(0.9 0.05 0.1)
(0.95 0.05 0.1)
(0.05 0.1 0.1)
(0.1 0.1 0.1)
(0.15 0.1 0.1)
(0.2 0.1 0.1)
(0.25 0.1 0.1)
(0.3 0.1 0.1)
(0.35 0.1 0.1)
(0.4 0.1 0.1)
(0.45 0.1 0.1)
(0.5 0.1 0.1)
(0.55 0.1 0.1)
(0.6 0.1 0.1)
(0.65 0.1 0.1)
(0.7 0.1 0.1)
(0.75 0.1 0.1)
(0.8 0.1 0.1)
(0.85 0.1 0.1)
(0.9 0.1 0.1)
(0.95 0.1 0.1)
(0.05 0.15 0.1)
(0.1 0.15 0.1)
(0.15 0.15 0.1)
(0.2 0.15 0.1)
(0.25 0.15 0.1)
(0.3 0.15 0.1)
(0.35 0.15 0.1)
(0.4 0.15 0.1)
(0.45 0.15 0.1)
(0.5 0.15 0.1)
(0.55 0.15 0.1)
(0.6 0.15 0.1)
(0.65 0.15 0.1)
(0.7 0.15 0.1)
(0.75 0.15 0.1)
(0.8 0.15 0.1)
(0.85 0.15 0.1)
(0.9 0.15 0.1)
(0.95 0.15 0.1)
(0 1 0.1)
(0.05 1 0.1)
(0.1 1 0.1)
(0.15 1 0.1)
(0.2 1 0.1)
(0.25 1 0.1)
(0.3 1 0.1)
(0.35 1 0.1)
(0.4 1 0.1)
(0.45 1 0.1)
(0.5 1 0.1)
(0.55 1 0.1)
(0.6 1 0.1)
(0.65 1 0.1)
(0.7 1 0.1)
(0.75 1 0.1)
(0.8 1 0.1)
(0.85 1 0.1)
(0.9 1 0.1)
(0.95 1 0.1)
(1 1 0.1)
(1 0.95 0.1)
(1 0.9 0.1)
(1 0.85 0.1)
(1 0.8 0.1)
(1 0.75 0.1)
(1 0.7 0.1)
(1 0.65 0.1)
(1 0.6 0.1)
(1 0.55 0.1)
(1 0.5 0.1)
(1 0.45 0.1)
(1 0.4 0.1)
(1 0.35 0.1)
(1 0.3 0.1)
(1 0.25 0.1)
(0 0.25 0.1)
(0 0.3 0.1)
(0 0.35 0.1)
(0 0.4 0.1)
(0 0.45 0.1)
(0 0.5 0.1)
(0 0.55 0.1)
(0 0.6 0.1)
(0 0.65 0.1)
(0 0.7 0.1)
(0 0.75 0.1)
(0 0.8 0.1)
(0 0.85 0.1)
(0 0.9 0.1)
(0 0.95 0.1)
(0.233265350095 0.449754763458 0.1)
(0.240392450915 0.498291316296 0.1)
(0.271079407145 0.461263546633 0.1)
(0.957073328298 0.242926671702 0.1)
(0.95617429564 0.957899856008 0.1)
(0.951863480449 0.873164032567 0.1)
(0.936290457568 0.918928566161 0.1)
(0.872228666588 0.253337708887 0.1)
(0.84034397215 0.76599481769 0.1)
(0.887945260859 0.803137066357 0.1)
(0.89076983063 0.756848409378 0.1)
(0.894613111183 0.951950896448 0.1)
(0.121748437076 0.904261993084 0.1)
(0.133490822546 0.957715242737 0.1)
(0.177499742297 0.931850995265 0.1)
(0.0957568718318 0.932451672898 0.1)
(0.0508566816212 0.945118518726 0.1)
(0.0868745476581 0.963793945765 0.1)
(0.0646172371714 0.897191264259 0.1)
(0.155930438354 0.877523556537 0.1)
(0.110873114551 0.797934768288 0.1)
(0.102291998887 0.855496433884 0.1)
(0.144873715127 0.825290043301 0.1)
(0.27809420416 0.948969771632 0.1)
(0.952019040863 0.712733344199 0.1)
(0.946022955051 0.770732670464 0.1)
(0.906859917034 0.891670188776 0.1)
(0.426212754929 0.777521106106 0.1)
(0.379366592419 0.788674817812 0.1)
(0.410359859732 0.821463400975 0.1)
(0.0584402038886 0.338472972235 0.1)
(0.0396769071281 0.296927999035 0.1)
(0.0830325810866 0.386247240939 0.1)
(0.0345292745796 0.37418434551 0.1)
(0.0452147250761 0.415452999169 0.1)
(0.0564813458165 0.256481345817 0.1)
(0.0884673839574 0.236776547577 0.1)
(0.126751999856 0.246355683804 0.1)
(0.0507143529478 0.470371850187 0.1)
(0.777506545232 0.247036365802 0.1)
(0.825 0.233074292893 0.1)
(0.843196987437 0.386191540824 0.1)
(0.812598080713 0.341748733834 0.1)
(0.80080178156 0.385235298038 0.1)
(0.72716227466 0.250217221788 0.1)
(0.958550540474 0.30032299857 0.1)
(0.936817947615 0.347318841639 0.1)
(0.964127084106 0.422623051429 0.1)
(0.921158049369 0.401326406612 0.1)
(0.934082005734 0.45730600495 0.1)
(0.330250423007 0.947534816969 0.1)
(0.374589325695 0.956362524558 0.1)
(0.239493682029 0.807535039496 0.1)
(0.293321928742 0.848633817742 0.1)
(0.297250652075 0.804976831505 0.1)
(0.637823352574 0.245717088695 0.1)
(0.589219341319 0.235878812478 0.1)
(0.959844349185 0.38214226116 0.1)
(0.848212940845 0.927947603152 0.1)
(0.785393177764 0.907700345616 0.1)
(0.806471563405 0.956414873771 0.1)
(0.903597376906 0.717043898295 0.1)
(0.926978203087 0.658136444777 0.1)
(0.878473099297 0.681913352191 0.1)
(0.559249564807 0.25335339166 0.1)
(0.959116855092 0.617213828342 0.1)
(0.966263739347 0.67392793601 0.1)
(0.767992010961 0.960861143489 0.1)
(0.757363390611 0.609645292845 0.1)
(0.812884269121 0.575673643679 0.1)
(0.758941951186 0.553601362676 0.1)
(0.57902233411 0.2920204861 0.1)
(0.631577853118 0.304687637673 0.1)
(0.600879251298 0.269392059093 0.1)
(0.943256815369 0.540555714194 0.1)
(0.916005395817 0.587023933539 0.1)
(0.960891806376 0.574841076527 0.1)
(0.537857221185 0.296436924526 0.1)
(0.519463802996 0.238422068242 0.1)
(0.960627523672 0.498683648981 0.1)
(0.629818693962 0.854904675001 0.1)
(0.584713628527 0.867382278384 0.1)
(0.605987887939 0.902011063677 0.1)
(0.631864119334 0.963522781925 0.1)
(0.592482220896 0.949921592659 0.1)
(0.555319538642 0.908975875305 0.1)
(0.495869034505 0.932759645686 0.1)
(0.535068741128 0.954217563516 0.1)
(0.457165988282 0.290865925361 0.1)
(0.471343279975 0.238768125702 0.1)
(0.427406207389 0.249730445379 0.1)
(0.636693897035 0.811609047115 0.1)
(0.677343940452 0.832134507636 0.1)
(0.494766339817 0.413445374263 0.1)
(0.495238005556 0.36389918814 0.1)
(0.458746312672 0.387642362289 0.1)
(0.459000001316 0.813868004999 0.1)
(0.470466354727 0.777949790334 0.1)
(0.26830452622 0.244886393636 0.1)
(0.105729505944 0.717249212816 0.1)
(0.159014121435 0.733950482736 0.1)
(0.151802564961 0.683907133869 0.1)
(0.255070966122 0.305492459671 0.1)
(0.221114790613 0.25597570683 0.1)
(0.30936158833 0.268283774629 0.1)
(0.305856006016 0.320789790746 0.1)
(0.353615002642 0.303860111629 0.1)
(0.0614360417317 0.743750149652 0.1)
(0.0342756746157 0.77789425628 0.1)
(0.369810948305 0.91238942113 0.1)
(0.033803357956 0.814328083574 0.1)
(0.0671993950757 0.803006891044 0.1)
(0.454154558716 0.909039593323 0.1)
(0.504759848131 0.88491200356 0.1)
(0.12022460051 0.628270601059 0.1)
(0.0577444076272 0.636694224749 0.1)
(0.0914876973663 0.671899852673 0.1)
(0.205160619019 0.317962131428 0.1)
(0.167936679528 0.283383782998 0.1)
(0.0497521572963 0.553701832306 0.1)
(0.0693563524055 0.512973025016 0.1)
(0.0343688735895 0.518062206137 0.1)
(0.175 0.238243322225 0.1)
(0.689690437632 0.916406646363 0.1)
(0.697991106048 0.874632788782 0.1)
(0.659136535363 0.888372875992 0.1)
(0.100759931928 0.492357335128 0.1)
(0.486633014689 0.581638318382 0.1)
(0.542251289518 0.568197268181 0.1)
(0.519298735846 0.534383514535 0.1)
(0.335519210153 0.619414424055 0.1)
(0.3537232824 0.576989997669 0.1)
(0.299114148195 0.588163040204 0.1)
(0.451063963423 0.956759428316 0.1)
(0.541386824825 0.40159147823 0.1)
(0.584849813022 0.420297258317 0.1)
(0.594825899391 0.377767187218 0.1)
(0.20746531694 0.712347247823 0.1)
(0.264657336629 0.730465208258 0.1)
(0.273155493322 0.683689373221 0.1)
(0.228114443289 0.954896299231 0.1)
(0.219314611386 0.612865770665 0.1)
(0.187970433409 0.570789599881 0.1)
(0.173260466778 0.626103623779 0.1)
(0.0479887968207 0.689292642869 0.1)
(0.968765329275 0.825 0.1)
(0.716956545418 0.757564477513 0.1)
(0.680996731506 0.711198236634 0.1)
(0.6573452793 0.746269644361 0.1)
(0.711720090255 0.516509377367 0.1)
(0.761120239815 0.502553161792 0.1)
(0.716917364655 0.46543943446 0.1)
(0.67656725974 0.954849865006 0.1)
(0.516439098094 0.747422527768 0.1)
(0.561113521536 0.705178655307 0.1)
(0.512436492301 0.700575817129 0.1)
(0.452726105077 0.501001942521 0.1)
(0.405114014125 0.545178957519 0.1)
(0.449260093514 0.552018210826 0.1)
(0.347280475023 0.748620364654 0.1)
(0.367278297017 0.700643057636 0.1)
(0.317264150427 0.719359689617 0.1)
(0.898564682669 0.519816746295 0.1)
(0.853284384415 0.505599248516 0.1)
(0.855315799099 0.541789079931 0.1)
(0.880376858188 0.47895685064 0.1)
(0.642939278172 0.422732066582 0.1)
(0.662111403697 0.483539975125 0.1)
(0.678879000837 0.446581727919 0.1)
(0.681152436478 0.373522383693 0.1)
(0.745389147985 0.368341064677 0.1)
(0.692371373623 0.327618203258 0.1)
(0.120084087904 0.348553399288 0.1)
(0.231666913639 0.361306106753 0.1)
(0.269239122715 0.408103098589 0.1)
(0.282968687373 0.359224869311 0.1)
(0.304827544665 0.4912002818 0.1)
(0.301993463652 0.435314536844 0.1)
(0.34905112484 0.244347489968 0.1)
(0.407495910885 0.872517054474 0.1)
(0.353178016814 0.87157893643 0.1)
(0.538337357648 0.84694573165 0.1)
(0.809210185363 0.717361264454 0.1)
(0.855665960711 0.719199440429 0.1)
(0.882911372386 0.635292989764 0.1)
(0.872424189416 0.582946127068 0.1)
(0.572294128153 0.656704535625 0.1)
(0.604195522582 0.615953427875 0.1)
(0.560836767514 0.617050407392 0.1)
(0.792936144778 0.656900741749 0.1)
(0.764050016134 0.695067221094 0.1)
(0.726735288063 0.942217184875 0.1)
(0.762252396876 0.84846860059 0.1)
(0.73159263281 0.802892047129 0.1)
(0.720250896874 0.844783897303 0.1)
(0.700256164818 0.622691251675 0.1)
(0.648106320331 0.637167400228 0.1)
(0.668585733363 0.670403203013 0.1)
(0.665364649027 0.537360296214 0.1)
(0.886144964266 0.368816696779 0.1)
(0.876181755639 0.431320034326 0.1)
(0.924327552734 0.833042297694 0.1)
(0.868370523769 0.864673376899 0.1)
(0.734949561428 0.888101367108 0.1)
(0.601962807919 0.746281614437 0.1)
(0.629428936356 0.776128046985 0.1)
(0.52999114654 0.661632551445 0.1)
(0.123079002264 0.757244514877 0.1)
(0.15398366075 0.42560001657 0.1)
(0.192605156604 0.458901006121 0.1)
(0.213870329319 0.412203397737 0.1)
(0.0357655450121 0.596462864744 0.1)
(0.3286711638 0.674133716881 0.1)
(0.293668374814 0.641488820348 0.1)
(0.420748845005 0.719724330713 0.1)
(0.40281137454 0.675914099663 0.1)
(0.760038322094 0.45880137309 0.1)
(0.818283104247 0.472410493246 0.1)
(0.778571428571 0.421428571429 0.1)
(0.438045124071 0.443849014048 0.1)
(0.415301855158 0.486615967718 0.1)
(0.383900699201 0.504386096948 0.1)
(0.341772701409 0.532595115364 0.1)
(0.411144410509 0.929433109509 0.1)
(0.333473198324 0.786829424476 0.1)
(0.306292557383 0.760640703112 0.1)
(0.100688334367 0.441329567626 0.1)
(0.142536823545 0.479577179223 0.1)
(0.127057670769 0.390509219406 0.1)
(0.383425763275 0.270703485468 0.1)
(0.413193232425 0.300808854231 0.1)
(0.496115315305 0.314145254079 0.1)
(0.54378240563 0.352649582002 0.1)
(0.686126087446 0.241031056005 0.1)
(0.706498500979 0.283910726719 0.1)
(0.847445308631 0.298616086132 0.1)
(0.862874519529 0.336147659299 0.1)
(0.612411482257 0.667658404149 0.1)
(0.62558257371 0.707774798007 0.1)
(0.56340775574 0.755351129999 0.1)
(0.495503334147 0.270748709614 0.1)
(0.537797449014 0.449022309105 0.1)
(0.481529156498 0.463391092217 0.1)
(0.588563594634 0.566130170403 0.1)
(0.558610395815 0.511259315637 0.1)
(0.798121848246 0.814405577922 0.1)
(0.842498492845 0.815994265147 0.1)
(0.192594557458 0.836274508477 0.1)
(0.193249955438 0.773698358753 0.1)
(0.155269139201 0.783537109068 0.1)
(0.0481616499001 0.850468982354 0.1)
(0.618373769995 0.530326865364 0.1)
(0.651963701684 0.585935683927 0.1)
(0.750524957382 0.653545732696 0.1)
(0.142079519717 0.534891493774 0.1)
(0.139032528352 0.583148311315 0.1)
(0.388384443905 0.452450254001 0.1)
(0.354970030215 0.487100499077 0.1)
(0.342938925337 0.352719416479 0.1)
(0.318183087504 0.393611853407 0.1)
(0.267103441171 0.776108981972 0.1)
(0.392145853233 0.604859310268 0.1)
(0.279141508255 0.542041678306 0.1)
(0.547509616545 0.792318177042 0.1)
(0.59047823899 0.810119559748 0.1)
(0.789834932801 0.302771320108 0.1)
(0.677993647275 0.784236796408 0.1)
(0.230949199036 0.756702624487 0.1)
(0.201773010132 0.888918031488 0.1)
(0.313737786637 0.899855860917 0.1)
(0.48339599341 0.659416101929 0.1)
(0.470555180843 0.703318653789 0.1)
(0.458447023425 0.860197567686 0.1)
(0.435162450098 0.635223202909 0.1)
(0.237198634093 0.655445939601 0.1)
(0.26371343323 0.615373996641 0.1)
(0.223469507828 0.540370733707 0.1)
(0.186373217719 0.509086917369 0.1)
(0.847532517533 0.616749339376 0.1)
(0.810646530831 0.619447518431 0.1)
(0.373124642255 0.649055273723 0.1)
(0.389196597353 0.749073724008 0.1)
(0.715466727996 0.674311481316 0.1)
(0.728845412058 0.719676486868 0.1)
(0.698393460322 0.411317896038 0.1)
(0.739465053494 0.417022472281 0.1)
(0.641037554956 0.353245475003 0.1)
(0.604651092713 0.474050207797 0.1)
(0.0954692746029 0.545207920927 0.1)
(0.416319214949 0.39964686882 0.1)
(0.449772946826 0.342384233655 0.1)
(0.3668256103 0.397494425733 0.1)
(0.341885154612 0.440001902048 0.1)
(0.639323497322 0.926126819199 0.1)
(0.4358414711 0.587942093032 0.1)
(0.509111771599 0.495315435639 0.1)
(0.157257863026 0.325200045248 0.1)
(0.0972590529593 0.296154449042 0.1)
(0.903408666683 0.309617776137 0.1)
(0.672964721426 0.278090965105 0.1)
(0.385140367723 0.23544890293 0.1)
(0.397104446098 0.347097796651 0.1)
(0.49547822171 0.83701136585 0.1)
(0.358013214912 0.82581786051 0.1)
(0.815388485261 0.858391794442 0.1)
(0.172598039216 0.372598039216 0.1)
(0.587963917231 0.328036601706 0.1)
(0.240389522668 0.863343190739 0.1)
(0.268826635377 0.8995043322 0.1)
(0.762847204796 0.735166101178 0.1)
(0.83304942919 0.892200221831 0.1)
(0.77768689699 0.770071720491 0.1)
(0.814724658984 0.523916047869 0.1)
(0.822141737928 0.424279700931 0.1)
(0.914997788706 0.235953640796 0.1)
(0.839213226989 0.660422493935 0.1)
(0.457242141292 0.742640930479 0.1)
(0.245741844985 0.573637078372 0.1)
(0.195344039474 0.662919297379 0.1)
(0.505316690484 0.796880423285 0.1)
(0.518693353941 0.620452390198 0.1)
(0.742843037765 0.300215462221 0.1)
(0.481557586127 0.529072001759 0.1)
(0.0813715169145 0.590616129286 0.1)
(0.229753573801 0.91579921289 0.1)
(0.709862492271 0.567809475412 0.1)
(0.820709602596 0.270174998136 0.1)
(0.924082645078 0.2717163114 0.1)
(0.438330512038 0.6787085335 0.1)
)

// ************************************************************************* //
